Atomic Line Positions (Angstroms)

   H    
        
3970.078
4101.743
4340.471
4861.320
6562.80 
        
  C I   
        
5039.070
5052.167
5380.337
6587.61 
6655.51 
7685.20 
7832.63 
8058.62 
8335.15 
8727.13 
9061.43 
9062.46 
9078.28 
9111.80 
        
  O I   
        
5577.339
6156.77 
6300.30 
6363.78 
7771.94 
7774.17 
7775.39 
8446.36 
8446.76 
        
  Na I  
        
4321.399
4324.616
4393.340
4494.178
4497.658
4664.811
4668.560
4747.941
4751.821
4978.542
4982.813
5148.838
5153.402
5682.633
5688.204
5889.950
5895.923
6154.23 
6160.75 
8183.25 
8194.83 
        
  Mg I  
        
3829.355
3832.302
3838.293
3858.860
3878.305
3938.400
3986.753
4054.689
4057.505
4165.100
4167.271
4351.905
4354.529
4380.375
4571.096
4702.991
4730.028
5167.322
5172.685
5183.604
5528.404
5711.088
5785.312
5785.560
6318.72 
6319.24 
6319.49 
6894.90 
6965.40 
7060.41 
7193.17 
7387.00 
7387.69 
7560.56 
7657.60 
7691.55 
7722.61 
7759.30 
7811.13 
7881.67 
7930.81 
8049.85 
8054.23 
8098.72 
8159.13 
8209.84 
8213.04 
8303.31 
8305.59 
8310.26 
8346.12 
8466.48 
8468.85 
8473.69 
8609.73 
8707.14 
8710.18 
8712.69 
8717.83 
8736.02 
8806.76 
8836.99 
8923.57 
8997.16 
9255.78 
9273.46 
        
  Mg II 
        
4481.130
4481.327
7877.05 
7896.37 
8234.64 
9218.25 
        
  Al I  
        
3944.006
3961.520
5557.063
6696.02 
6698.67 
7083.97 
7084.64 
7361.57 
7362.30 
7835.31 
7836.14 
8065.97 
8075.36 
8772.87 
8773.89 
8828.91 
8841.28 
8912.90 
        
  Si I  
        
3905.523
4102.936
4601.256
4627.383
4747.994
4755.275
4782.991
4792.325
4839.860
4947.607
5006.061
5156.022
5258.842
5260.658
5333.242
5404.666
5413.100
5418.125
5421.169
5493.233
5494.676
5502.939
5517.535
5621.607
5622.221
5645.034
5645.611
5654.924
5660.500
5660.683
5665.554
5666.678
5669.743
5675.417
5684.484
5690.424
5701.105
5708.397
5747.667
5753.624
5754.219
5772.146
5780.384
5793.071
5797.859
5873.764
5897.242
5899.525
5948.545
6022.23 
6029.87 
6067.62 
6080.02 
6087.80 
6091.92 
6106.41 
6106.61 
6112.93 
6123.49 
6125.02 
6131.57 
6131.85 
6142.49 
6145.02 
6152.32 
6155.13 
6155.70 
6194.41 
6194.88 
6195.43 
6231.87 
6232.45 
6237.32 
6238.29 
6243.81 
6244.11 
6244.47 
6254.19 
6254.85 
6259.77 
6279.35 
6299.60 
6308.83 
6310.28 
6331.95 
6394.22 
6407.26 
6408.69 
6414.97 
6457.37 
6518.73 
6526.39 
6526.61 
6527.20 
6555.46 
6560.56 
6583.71 
6631.05 
6635.66 
6719.61 
6721.85 
6741.64 
6761.02 
6782.21 
6795.79 
6843.16 
6848.57 
6876.40 
6953.06 
6976.52 
6992.88 
7003.57 
7005.88 
7012.61 
7016.74 
7017.28 
7017.65 
7019.10 
7026.62 
7034.90 
7054.98 
7055.93 
7097.12 
7164.69 
7165.08 
7165.55 
7193.90 
7208.21 
7218.47 
7226.21 
7229.49 
7235.33 
7235.82 
7242.23 
7250.14 
7250.62 
7275.29 
7282.81 
7289.17 
7345.22 
7373.00 
7374.30 
7375.25 
7395.52 
7405.77 
7409.08 
7415.35 
7415.95 
7423.50 
7424.60 
7455.36 
7482.19 
7491.07 
7504.93 
7531.76 
7557.69 
7558.14 
7569.55 
7578.79 
7669.71 
7680.27 
7688.39 
7689.02 
7695.62 
7742.72 
7760.63 
7798.84 
7799.18 
7800.01 
7833.02 
7842.98 
7849.97 
7912.38 
7913.43 
7918.39 
7925.85 
7932.35 
7944.00 
7970.31 
7975.58 
8006.46 
8009.38 
8026.95 
8035.62 
8046.80 
8049.37 
8049.60 
8069.72 
8071.28 
8073.03 
8093.24 
8154.87 
8171.29 
8215.15 
8230.64 
8259.92 
8294.68 
8306.71 
8317.39 
8338.33 
8443.98 
8461.49 
8492.08 
8501.55 
8502.22 
8510.24 
8536.16 
8547.84 
8550.35 
8556.78 
8570.76 
8571.31 
8579.10 
8595.96 
8597.04 
8606.01 
8646.36 
8648.47 
8667.38 
8680.08 
8686.35 
8687.46 
8728.01 
8728.60 
8742.45 
8751.17 
8752.01 
8766.42 
8780.74 
8790.39 
8792.95 
8883.69 
8892.73 
8899.23 
8925.29 
8949.09 
8967.72 
8968.14 
9008.51 
9021.58 
9043.82 
9051.45 
9058.41 
9103.18 
9252.26 
9253.67 
        
  Si II 
        
6347.10 
6371.36 
        
  S I   
        
4589.260
4694.112
4695.442
4696.251
6046.04 
6052.66 
6538.60 
6757.15 
7680.55 
7686.10 
7725.05 
8694.71 
9212.86 
9228.09 
9237.54 
        
  K I   
        
4044.137
4047.205
5342.970
5359.575
5801.753
6911.08 
6938.77 
7698.96 
        
  Ca I  
        
3746.709
3750.292
3753.335
3875.776
3889.103
3923.477
3946.036
3948.901
3957.053
3972.569
3973.707
4091.998
4092.631
4094.926
4098.551
4108.526
4132.524
4201.070
4203.117
4226.727
4240.456
4283.010
4289.364
4298.985
4302.526
4307.741
4318.652
4355.079
4425.441
4434.960
4435.688
4454.780
4455.887
4456.605
4507.410
4507.845
4509.451
4512.272
4526.935
4578.552
4581.395
4581.467
4585.865
4585.963
4685.268
4847.311
4878.132
5041.621
5043.351
5188.848
5260.390
5261.706
5262.244
5264.239
5265.557
5270.270
5349.473
5512.973
5521.140
5581.971
5588.757
5590.120
5594.468
5598.486
5601.285
5602.846
5715.820
5857.453
5867.563
6097.26 
6102.72 
6122.22 
6156.02 
6161.29 
6162.17 
6163.76 
6166.44 
6169.05 
6169.56 
6417.70 
6439.07 
6449.81 
6455.60 
6462.57 
6464.68 
6471.66 
6493.78 
6499.65 
6508.84 
6572.78 
6709.89 
6717.69 
6789.07 
6798.47 
7148.15 
7202.19 
7326.15 
8235.43 
8352.41 
8373.91 
8423.14 
8525.74 
8583.34 
8633.95 
8909.18 
8967.48 
9105.62 
9108.82 
9162.33 
        
  Ca II 
        
3933.663
3968.469
5001.479
6456.88 
7291.47 
7323.89 
8201.72 
8248.80 
8498.02 
8542.09 
8662.14 
8912.07 
8927.36 
        
  Sc I  
        
3911.815
3996.597
4020.392
4023.677
4047.795
4054.544
4720.817
4728.773
4741.031
4743.830
4753.152
4779.348
4922.828
4954.073
5064.300
5081.577
5083.731
5096.716
5355.771
5356.091
5392.078
5446.196
5481.991
5484.625
5514.215
5520.498
5591.364
5671.821
5686.846
5708.636
5711.777
5717.307
5724.106
6193.67 
6210.66 
6239.41 
6239.76 
6258.94 
6276.30 
6305.66 
6306.02 
6344.80 
6378.81 
6413.34 
6448.07 
        
  Sc II 
        
3833.080
3843.049
4008.432
4008.604
4014.475
4246.820
4294.764
4305.710
4314.081
4320.745
4324.998
4354.602
4374.463
4384.808
4400.386
4415.545
4420.661
4431.362
4670.407
4698.285
4815.610
5031.011
5239.811
5318.374
5334.241
5357.203
5422.339
5526.781
5552.236
5640.999
5657.906
5658.360
5667.166
5669.055
5684.214
6245.64 
6279.75 
6300.70 
6309.92 
6320.84 
6604.60 
        
  Ti I  
        
3729.806
3738.992
3741.060
3752.859
3753.634
3766.442
3771.651
3786.043
3789.294
3794.742
3795.894
3801.081
3822.022
3828.188
3836.767
3853.046
3853.725
3857.896
3858.136
3862.825
3866.439
3868.396
3875.257
3877.591
3881.396
3882.146
3882.321
3882.891
3884.088
3888.022
3889.950
3893.623
3895.242
3897.309
3897.575
3898.489
3900.959
3904.784
3911.185
3911.363
3912.589
3914.334
3914.737
3915.875
3919.816
3921.422
3924.527
3926.318
3929.874
3947.769
3948.671
3956.334
3958.201
3962.851
3964.269
3975.707
3980.810
3981.449
3981.761
3982.480
3984.314
3985.579
3989.569
3989.759
3994.674
3998.636
3999.342
4000.043
4002.468
4005.959
4008.053
4008.927
4011.535
4012.791
4013.241
4013.583
4015.374
4016.276
4016.964
4017.767
4021.815
4024.571
4026.537
4030.511
4033.902
4034.891
4035.825
4040.316
4043.754
4052.921
4055.011
4060.075
4060.262
4064.210
4065.095
4065.586
4068.133
4068.649
4068.985
4071.191
4074.349
4076.361
4077.148
4078.471
4079.698
4082.455
4099.165
4112.708
4120.029
4121.635
4122.143
4127.531
4131.249
4136.884
4137.284
4143.042
4150.551
4150.799
4150.959
4159.637
4164.131
4166.309
4169.326
4174.467
4183.287
4186.118
4203.459
4211.721
4224.786
4234.648
4237.770
4237.888
4245.506
4249.112
4251.602
4251.756
4256.026
4258.525
4261.590
4263.134
4265.703
4266.209
4268.916
4270.126
4272.424
4274.382
4274.588
4276.427
4278.220
4278.788
4281.364
4282.699
4284.981
4286.004
4287.403
4288.146
4288.368
4289.070
4290.929
4292.668
4295.749
4298.666
4299.203
4299.629
4300.554
4301.079
4305.908
4308.500
4309.088
4310.359
4311.645
4314.344
4314.729
4314.800
4318.629
4321.654
4322.115
4323.432
4325.126
4326.351
4326.960
4334.828
4338.465
4339.996
4346.103
4354.054
4360.482
4361.142
4368.934
4372.376
4388.540
4393.922
4394.875
4404.274
4404.389
4405.680
4412.421
4414.096
4416.531
4417.274
4421.451
4421.752
4422.820
4424.384
4425.824
4426.055
4427.099
4430.017
4430.364
4431.276
4433.567
4434.018
4436.586
4436.675
4438.222
4440.338
4441.267
4444.258
4449.143
4449.974
4450.894
4453.313
4453.699
4453.851
4455.317
4457.426
4462.088
4462.747
4463.380
4463.533
4465.806
4471.237
4474.851
4475.171
4475.499
4476.594
4478.401
4479.701
4480.588
4481.259
4485.076
4488.249
4489.087
4492.532
4495.009
4496.145
4496.234
4497.721
4503.756
4505.707
4508.048
4511.170
4512.733
4513.714
4515.613
4518.022
4518.688
4522.797
4527.305
4532.117
4533.240
4534.776
4535.568
4535.918
4536.040
4537.228
4539.097
4540.494
4540.865
4544.687
4548.110
4548.763
4552.453
4553.398
4555.069
4555.484
4557.854
4558.110
4559.918
4562.626
4563.423
4564.213
4570.902
4599.230
4617.268
4623.097
4629.336
4634.742
4634.870
4635.547
4637.869
4639.361
4639.661
4639.940
4640.415
4645.189
4650.010
4655.687
4656.042
4656.468
4667.584
4668.345
4675.117
4676.528
4677.485
4679.706
4681.908
4684.507
4686.905
4690.794
4691.332
4692.431
4693.664
4696.931
4698.760
4710.187
4711.679
4715.300
4722.606
4723.162
4724.663
4731.165
4733.421
4734.670
4742.108
4742.789
4747.261
4747.673
4758.112
4758.899
4759.269
4766.317
4769.767
4771.096
4778.255
4781.711
4787.635
4789.789
4792.483
4796.211
4797.975
4799.795
4801.908
4805.415
4806.758
4808.525
4811.065
4812.229
4812.892
4819.028
4820.411
4821.272
4825.439
4826.044
4827.572
4832.068
4836.122
4837.396
4839.252
4840.873
4842.599
4844.855
4846.828
4848.477
4851.358
4854.737
4856.010
4864.175
4868.260
4870.127
4880.285
4880.907
4882.325
4885.081
4889.825
4891.854
4893.052
4893.409
4893.891
4899.909
4900.584
4903.737
4908.449
4909.098
4913.615
4915.230
4919.861
4921.765
4925.400
4926.151
4928.336
4928.895
4937.727
4938.291
4940.969
4941.306
4941.569
4943.067
4947.971
4948.189
4958.277
4964.716
4967.299
4968.568
4975.342
4977.728
4978.187
4979.257
4981.731
4989.134
4991.067
4993.737
4995.065
4997.093
4997.726
4999.501
5000.988
5007.206
5009.645
5013.282
5014.186
5014.275
5016.161
5020.024
5022.866
5023.333
5024.843
5025.569
5031.283
5034.768
5035.903
5036.464
5038.397
5039.956
5040.611
5043.582
5045.415
5052.870
5054.075
5062.101
5064.056
5064.652
5065.988
5068.324
5069.354
5071.115
5071.467
5085.333
5087.061
5098.372
5103.125
5109.431
5112.111
5113.439
5120.415
5124.072
5132.930
5145.460
5147.477
5152.184
5170.521
5173.741
5178.649
5186.328
5189.579
5192.969
5193.875
5194.034
5201.081
5203.117
5207.849
5210.384
5211.215
5212.280
5212.993
5219.699
5222.674
5223.621
5224.134
5224.305
5224.544
5224.933
5230.972
5233.808
5237.537
5238.574
5239.938
5246.126
5246.350
5246.546
5246.644
5247.288
5248.386
5250.924
5251.478
5252.099
5252.378
5253.666
5254.030
5254.495
5255.807
5256.696
5259.974
5263.482
5265.963
5267.109
5269.879
5271.609
5278.768
5282.375
5283.438
5284.374
5288.794
5289.267
5290.471
5295.774
5297.233
5298.418
5300.011
5313.236
5323.925
5331.078
5338.306
5340.663
5341.488
5344.395
5351.068
5361.712
5366.637
5373.150
5374.810
5376.600
5382.910
5384.629
5389.164
5389.988
5391.058
5394.159
5396.596
5401.380
5406.185
5408.940
5409.606
5419.188
5426.248
5429.140
5432.333
5436.716
5438.306
5439.031
5440.509
5446.620
5447.912
5448.375
5448.912
5449.151
5451.935
5453.639
5455.958
5456.896
5459.679
5460.499
5465.771
5466.006
5470.455
5471.197
5472.687
5473.544
5474.223
5474.451
5477.694
5480.178
5481.409
5481.859
5486.088
5488.193
5490.148
5490.849
5491.656
5497.942
5503.898
5511.779
5512.524
5514.344
5514.532
5518.058
5527.595
5530.436
5565.473
5580.262
5585.675
5600.785
5618.345
5630.371
5644.133
5648.562
5659.095
5662.148
5662.881
5667.592
5673.047
5673.418
5675.409
5679.914
5689.458
5702.005
5702.659
5708.198
5709.904
5713.880
5715.114
5716.442
5720.435
5734.310
5739.049
5739.468
5739.977
5741.197
5744.461
5745.064
5751.749
5752.852
5756.417
5762.284
5763.547
5766.327
5768.322
5771.333
5774.026
5774.476
5774.663
5780.760
5785.977
5789.749
5791.274
5797.430
5804.263
5808.198
5809.788
5812.820
5813.945
5823.687
5831.936
5832.473
5834.522
5837.996
5839.514
5841.173
5852.324
5855.873
5865.244
5866.449
5869.195
5877.657
5880.268
5888.573
5894.091
5899.291
5903.314
5904.334
5906.295
5913.724
5918.534
5919.070
5922.108
5937.807
5940.646
5941.750
5944.658
5953.158
5957.361
5958.746
5964.802
5965.825
5969.138
5971.174
5978.539
5979.657
5980.822
5982.530
5984.576
5988.551
5990.526
5995.662
5995.996
5999.008
5999.657
6002.63 
6012.73 
6014.77 
6016.99 
6017.55 
6018.39 
6018.64 
6031.67 
6048.72 
6057.07 
6058.73 
6064.62 
6069.27 
6085.22 
6089.56 
6091.17 
6092.79 
6098.66 
6121.00 
6126.21 
6132.78 
6138.42 
6145.63 
6146.21 
6149.72 
6157.34 
6174.75 
6186.14 
6193.39 
6194.05 
6205.22 
6209.29 
6212.21 
6215.23 
6220.47 
6221.30 
6257.80 
6258.10 
6258.71 
6261.10 
6264.81 
6266.01 
6268.52 
6273.39 
6277.49 
6296.64 
6298.07 
6303.75 
6311.28 
6312.23 
6325.16 
6336.10 
6359.89 
6364.85 
6366.34 
6371.49 
6381.22 
6395.47 
6413.10 
6419.09 
6497.68 
6508.12 
6536.42 
6543.04 
6544.75 
6548.32 
6554.22 
6554.83 
6556.06 
6565.50 
6572.26 
6585.25 
6599.10 
6601.45 
6622.62 
6622.87 
6628.38 
6628.85 
6634.55 
6636.35 
6641.34 
6654.28 
6665.85 
6666.50 
6666.69 
6667.73 
6668.38 
6677.18 
6678.57 
6689.26 
6706.28 
6716.67 
6743.12 
6745.55 
6746.33 
6748.38 
6763.96 
6776.22 
6849.31 
6861.45 
6905.62 
6933.14 
6935.88 
6943.69 
6983.12 
6990.23 
6996.64 
7008.37 
7011.00 
7033.31 
7035.80 
7038.81 
7039.26 
7050.69 
7065.21 
7069.07 
7109.08 
7110.33 
7113.50 
7130.30 
7138.07 
7138.90 
7160.34 
7188.56 
7189.88 
7209.43 
7213.35 
7216.18 
7233.30 
7236.79 
7243.12 
7244.85 
7251.71 
7266.25 
7271.51 
7273.70 
7281.26 
7305.99 
7315.51 
7316.37 
7318.38 
7330.99 
7332.26 
7337.73 
7344.70 
7352.12 
7357.73 
7364.10 
7366.56 
7391.51 
7397.49 
7402.67 
7412.25 
7413.01 
7416.99 
7423.19 
7424.59 
7431.64 
7432.67 
7440.58 
7456.58 
7469.94 
7489.58 
7491.36 
7496.10 
7580.27 
7618.33 
7663.44 
7725.50 
7738.95 
7767.44 
7790.32 
7791.35 
7834.50 
7834.67 
7840.56 
7842.16 
7852.68 
7857.32 
7885.00 
7899.83 
7902.99 
7906.04 
7922.02 
7926.32 
7949.15 
7961.53 
7976.19 
7978.82 
7978.95 
7996.43 
8024.84 
8068.24 
8098.34 
8100.07 
8307.42 
8311.70 
8334.39 
8353.16 
8363.58 
8364.24 
8377.86 
8382.53 
8382.78 
8386.31 
8389.49 
8396.89 
8412.36 
8416.95 
8417.53 
8418.69 
8423.09 
8424.41 
8426.50 
8434.96 
8435.65 
8438.92 
8442.97 
8450.89 
8457.10 
8467.15 
8483.16 
8494.22 
8494.45 
8496.01 
8518.03 
8518.35 
8531.38 
8539.35 
8548.09 
8550.54 
8565.49 
8569.74 
8578.43 
8595.64 
8598.17 
8600.98 
8612.91 
8618.09 
8618.43 
8623.43 
8675.37 
8682.98 
8684.23 
8692.33 
8719.58 
8725.80 
8734.71 
8761.48 
8766.68 
8778.69 
8819.42 
8821.15 
8985.78 
8989.45 
9023.63 
9027.01 
9027.32 
9086.95 
9087.68 
9090.69 
9123.20 
9246.11 
9257.49 
        
  Ti II 
        
3741.645
3757.696
3759.300
3761.325
3761.882
3770.396
3774.651
3776.059
3786.322
3796.885
3799.786
3813.394
3814.581
3836.084
3900.559
3913.477
3932.021
3981.985
3987.615
4012.396
4025.120
4028.354
4053.829
4056.188
4161.527
4163.634
4171.919
4173.532
4174.053
4184.310
4188.984
4190.232
4196.658
4252.085
4287.874
4290.217
4294.094
4300.063
4301.923
4312.873
4314.966
4316.803
4320.958
4330.234
4330.723
4337.254
4337.876
4341.366
4344.300
4350.845
4367.653
4374.836
4386.846
4391.044
4394.018
4395.003
4395.833
4398.250
4399.785
4409.243
4409.514
4411.095
4411.921
4417.715
4418.307
4421.955
4427.882
4441.730
4443.776
4444.536
4450.504
4464.462
4468.517
4469.116
4470.835
4488.342
4493.530
4500.353
4501.269
4506.743
4518.327
4524.701
4525.242
4529.480
4533.973
4544.018
4545.143
4549.611
4549.814
4552.294
4563.770
4568.310
4571.958
4583.409
4589.916
4609.264
4626.995
4636.342
4655.773
4657.212
4662.761
4689.502
4708.652
4719.533
4762.789
4763.893
4764.535
4779.981
4798.507
4805.090
4806.321
4849.169
4865.614
4874.007
4911.176
4981.355
5005.160
5010.199
5013.679
5037.791
5069.089
5072.271
5129.155
5131.303
5154.060
5185.902
5188.693
5211.517
5226.535
5262.131
5268.606
5313.755
5336.778
5360.118
5379.141
5381.008
5396.226
5418.753
5422.463
5454.070
5490.663
5492.850
5529.982
6012.75 
6194.34 
6219.92 
6491.54 
6513.03 
6559.58 
6606.96 
6680.15 
6717.81 
6827.95 
6998.91 
7004.64 
7214.72 
7323.13 
7355.43 
7564.49 
7575.41 
7953.55 
8926.76 
8979.17 
9027.85 
9252.53 
        
  V I   
        
3738.744
3755.702
3778.675
3790.325
3799.907
3803.475
3803.784
3803.903
3808.517
3813.484
3817.844
3818.239
3821.482
3822.003
3822.886
3823.209
3828.555
3828.836
3835.561
3840.750
3841.890
3844.434
3844.884
3847.326
3855.363
3855.845
3862.217
3863.860
3864.857
3867.602
3875.071
3875.898
3876.082
3890.178
3892.444
3892.858
3896.147
3897.075
3901.156
3902.250
3912.199
3921.905
3922.432
3975.341
3988.828
3990.570
3992.802
4050.956
4051.351
4057.063
4067.744
4071.535
4090.570
4092.684
4093.481
4095.477
4099.783
4102.151
4104.768
4105.156
4109.778
4111.781
4112.324
4113.505
4115.180
4116.473
4116.711
4120.529
4123.502
4124.101
4128.064
4134.485
4136.110
4136.397
4182.582
4189.841
4209.853
4218.710
4232.458
4234.001
4234.523
4268.637
4276.952
4284.047
4291.815
4296.098
4306.212
4307.187
4313.886
4330.025
4332.824
4341.008
4342.826
4352.870
4354.968
4355.943
4363.525
4379.230
4384.710
4389.980
4390.604
4391.664
4392.063
4393.833
4394.803
4395.222
4399.414
4400.572
4403.667
4406.161
4406.637
4407.632
4408.195
4408.500
4412.131
4416.468
4419.932
4421.566
4422.231
4422.472
4423.217
4424.568
4426.002
4428.516
4429.790
4434.594
4436.133
4437.830
4444.192
4449.573
4452.006
4457.755
4459.752
4460.331
4462.360
4468.002
4468.755
4469.706
4474.041
4474.713
4488.888
4491.164
4501.954
4506.573
4524.210
4540.005
4545.393
4551.842
4560.716
4570.424
4571.784
4577.178
4578.729
4580.404
4586.369
4591.225
4594.120
4606.151
4609.649
4619.778
4624.407
4635.172
4640.067
4640.735
4646.396
4699.318
4710.551
4721.249
4721.512
4722.871
4723.438
4730.386
4742.621
4746.627
4748.521
4750.977
4751.565
4758.751
4766.618
4776.359
4784.469
4796.917
4807.525
4827.451
4831.644
4832.421
4851.489
4862.611
4864.734
4875.486
4881.554
4894.211
4900.626
4904.860
4906.683
4925.657
5002.322
5014.625
5176.769
5234.082
5240.868
5401.924
5434.185
5458.112
5487.910
5504.865
5507.754
5533.839
5542.710
5545.913
5547.059
5557.453
5558.753
5560.547
5561.679
5574.003
5576.505
5584.496
5585.997
5592.415
5592.956
5604.196
5604.944
5622.069
5624.871
5626.017
5627.629
5632.465
5635.504
5646.108
5656.878
5657.438
5668.361
5670.846
5698.529
5703.584
5706.997
5725.637
5727.044
5727.655
5731.248
5733.091
5734.008
5737.065
5743.433
5748.886
5750.646
5752.740
5761.413
5772.408
5776.660
5782.609
5783.501
5784.381
5786.139
5788.546
5807.099
5817.493
5830.671
5846.257
5850.331
6002.31 
6002.62 
6017.96 
6039.73 
6058.09 
6081.44 
6087.49 
6090.21 
6104.65 
6106.97 
6110.21 
6111.65 
6119.53 
6128.33 
6135.06 
6135.36 
6150.16 
6170.37 
6189.37 
6199.19 
6213.87 
6216.37 
6218.27 
6224.50 
6233.19 
6240.14 
6242.83 
6243.11 
6245.22 
6251.82 
6256.90 
6266.32 
6268.82 
6274.65 
6285.16 
6292.83 
6296.50 
6324.67 
6326.84 
6349.48 
6357.29 
6379.35 
6430.47 
6433.16 
6452.34 
6466.99 
6488.05 
6504.16 
6531.41 
6543.50 
6565.90 
6578.96 
6605.96 
6607.83 
6624.85 
6753.02 
6766.55 
6785.01 
6812.41 
7338.93 
7356.51 
7363.21 
8027.34 
8093.50 
8116.76 
8144.57 
8161.07 
8187.29 
8203.00 
8241.54 
8253.56 
8255.90 
8919.83 
8932.95 
8971.62 
9037.64 
9046.72 
9085.26 
        
  V II  
        
3727.348
3728.331
3732.758
3750.877
3751.219
3760.236
3770.972
3772.959
3787.231
3884.844
3899.136
3903.265
3916.414
3951.963
3997.122
4002.936
4005.708
4008.165
4023.384
4036.775
4039.570
4051.056
4183.431
4190.886
4225.224
4322.016
4558.458
4564.589
4883.412
4884.056
5199.677
5303.257
5350.367
5819.925
5897.535
5928.855
6028.26 
6028.99 
6031.06 
        
  Cr I  
        
3730.788
3732.012
3743.551
3743.868
3744.489
3748.982
3755.799
3757.150
3768.219
3768.715
3768.976
3788.840
3789.700
3791.365
3793.270
3793.854
3794.594
3797.119
3797.695
3804.783
3818.455
3819.951
3826.408
3833.467
3834.723
3841.260
3849.332
3849.521
3852.202
3853.168
3874.531
3883.274
3883.645
3885.221
3886.783
3891.913
3897.641
3903.152
3907.256
3908.743
3911.811
3915.834
3916.225
3916.967
3917.588
3919.146
3921.009
3928.624
3941.475
3945.947
3949.581
3951.748
3960.747
3963.671
3969.729
3976.646
3979.200
3979.780
3981.222
3983.886
3984.320
3989.967
3992.084
3992.827
3999.658
4001.422
4012.461
4014.652
4022.250
4025.008
4026.149
4027.080
4028.447
4031.104
4033.246
4033.944
4037.273
4039.077
4039.273
4041.774
4042.226
4043.663
4046.740
4050.006
4056.026
4056.766
4058.755
4060.626
4064.562
4065.693
4070.969
4076.060
4077.104
4081.717
4081.873
4093.054
4097.641
4097.951
4106.016
4108.375
4109.560
4110.963
4111.358
4120.599
4122.146
4123.370
4126.498
4127.275
4129.179
4131.337
4142.169
4142.439
4146.188
4146.673
4151.554
4152.757
4153.050
4153.801
4169.820
4170.192
4174.787
4175.936
4179.243
4184.658
4185.333
4186.335
4190.129
4191.258
4192.091
4193.649
4193.868
4194.313
4194.938
4197.220
4198.510
4200.087
4203.606
4204.191
4204.453
4208.341
4209.353
4209.743
4211.353
4211.478
4221.558
4222.747
4230.286
4230.458
4232.213
4234.502
4238.937
4240.695
4252.230
4254.323
4256.620
4257.334
4261.325
4262.109
4262.369
4263.125
4272.890
4274.797
4275.975
4289.718
4293.542
4297.047
4297.732
4319.631
4321.236
4332.557
4337.558
4338.401
4338.791
4339.446
4339.712
4340.128
4344.501
4345.076
4346.820
4351.050
4351.762
4353.938
4356.755
4357.521
4359.605
4359.991
4363.133
4371.276
4373.255
4374.154
4375.332
4377.545
4379.777
4381.109
4384.975
4387.375
4387.494
4391.750
4393.545
4397.252
4403.371
4403.495
4410.298
4410.961
4411.088
4412.251
4413.855
4423.681
4424.278
4425.128
4428.504
4429.941
4432.168
4433.979
4458.525
4459.736
4460.773
4462.770
4464.903
4465.350
4466.160
4467.557
4473.790
4475.304
4477.060
4482.872
4488.048
4489.465
4491.660
4491.850
4492.306
4495.292
4496.853
4498.725
4500.280
4501.104
4501.773
4503.051
4510.025
4511.892
4515.431
4521.128
4522.028
4526.101
4526.455
4527.347
4527.458
4529.846
4530.739
4532.760
4535.137
4535.698
4539.781
4540.499
4540.705
4540.859
4541.062
4541.507
4542.617
4544.612
4545.953
4554.820
4555.082
4555.289
4556.168
4563.245
4565.506
4569.525
4569.615
4571.674
4574.452
4575.109
4578.316
4580.049
4581.038
4584.087
4585.076
4586.136
4591.394
4593.849
4595.591
4598.430
4599.000
4600.098
4600.750
4601.019
4601.137
4606.374
4611.965
4613.359
4614.513
4614.732
4616.126
4619.537
4621.910
4622.450
4622.750
4624.576
4625.924
4626.175
4628.473
4632.140
4633.256
4637.174
4637.762
4639.509
4641.996
4646.164
4646.487
4646.777
4648.118
4648.871
4649.433
4651.284
4652.159
4656.185
4663.313
4663.818
4664.784
4665.908
4666.199
4666.513
4667.165
4669.318
4680.476
4680.855
4689.359
4693.940
4695.146
4697.053
4697.391
4698.461
4698.607
4698.945
4699.597
4700.613
4706.092
4707.750
4708.016
4717.685
4718.422
4723.099
4724.413
4727.152
4729.726
4730.711
4737.349
4745.309
4752.090
4752.901
4755.143
4756.114
4757.323
4759.912
4761.249
4764.296
4764.644
4766.636
4767.270
4767.857
4770.676
4774.552
4775.131
4789.337
4790.336
4792.510
4796.157
4797.690
4801.024
4806.252
4810.720
4814.260
4816.139
4829.370
4835.680
4836.852
4846.303
4846.432
4847.206
4851.463
4861.843
4870.797
4874.666
4880.043
4884.939
4885.770
4885.954
4887.012
4887.692
4888.524
4894.380
4898.460
4902.070
4903.236
4920.939
4922.265
4931.129
4936.335
4942.495
4944.566
4953.719
4954.812
4964.928
4966.811
5004.401
5013.314
5019.237
5048.733
5051.899
5065.910
5067.715
5072.927
5086.222
5091.885
5108.932
5110.750
5112.485
5113.128
5122.117
5122.766
5123.467
5135.671
5137.933
5139.647
5144.670
5161.766
5166.218
5167.978
5177.404
5184.555
5191.997
5193.494
5196.431
5196.550
5200.158
5204.495
5206.021
5206.542
5208.411
5212.218
5214.129
5220.890
5221.749
5222.385
5225.020
5225.811
5227.730
5228.085
5238.959
5240.470
5241.454
5243.353
5247.563
5255.114
5263.754
5264.151
5265.146
5265.712
5268.937
5271.999
5275.207
5275.747
5276.067
5278.246
5287.175
5292.857
5293.374
5296.688
5297.376
5298.013
5298.271
5298.488
5300.744
5304.177
5312.854
5318.770
5328.320
5329.136
5329.784
5333.708
5340.447
5344.755
5345.535
5345.795
5348.312
5368.525
5385.897
5386.965
5387.560
5390.377
5391.337
5400.575
5404.990
5409.781
5432.331
5442.406
5463.928
5480.504
5574.397
5580.477
5601.747
5628.640
5642.358
5647.892
5648.258
5649.385
5664.028
5664.581
5674.171
5682.493
5694.738
5698.315
5700.508
5702.303
5712.616
5712.770
5719.813
5729.198
5736.625
5738.527
5746.411
5758.765
5761.556
5771.599
5772.665
5780.903
5781.177
5781.749
5783.063
5783.850
5784.967
5785.734
5787.918
5788.381
5790.141
5790.650
5790.956
5791.754
5796.738
5798.507
5822.450
5824.366
5838.667
5844.593
5847.765
5854.265
5862.796
5863.388
5873.036
5876.564
5878.037
5884.434
5902.096
5915.938
5916.753
5917.387
5959.164
5964.597
5982.873
6029.27 
6047.65 
6062.67 
6135.76 
6172.04 
6330.09 
6428.12 
6501.18 
6529.18 
6537.92 
6594.68 
6605.54 
6612.19 
6630.01 
6661.07 
6669.28 
6680.27 
6729.72 
6734.20 
6757.76 
6762.41 
6789.16 
6796.50 
6798.06 
6805.03 
6866.33 
6881.65 
6882.51 
6883.05 
6924.18 
6925.27 
6926.08 
6978.40 
6979.79 
6980.90 
7143.82 
7185.52 
7195.55 
7207.84 
7264.30 
7280.27 
7332.55 
7355.89 
7400.18 
7462.32 
7908.20 
7942.05 
8045.34 
8061.26 
8261.99 
8287.40 
8348.27 
8450.25 
8455.24 
8548.83 
8636.21 
8643.00 
8707.40 
8707.93 
8835.63 
8916.25 
8925.75 
8947.19 
8976.88 
9009.84 
9017.05 
9035.86 
9208.29 
9263.98 
9290.47 
        
  Cr II 
        
3761.664
4049.097
4054.076
4086.128
4087.593
4110.997
4113.212
4132.418
4145.780
4170.614
4179.421
4217.056
4224.860
4233.243
4242.363
4252.632
4261.913
4269.277
4555.004
4558.651
4588.199
4592.049
4616.629
4618.802
4634.071
4812.337
4824.126
4836.229
4848.235
4856.187
4860.203
4864.327
4876.399
4876.473
4884.607
5097.311
5232.496
5237.329
5246.768
5249.438
5274.965
5279.876
5280.055
5305.853
5308.408
5310.686
5313.563
5334.869
5337.772
5346.067
5369.356
5407.604
5420.922
5477.483
5478.365
5502.067
5503.212
5508.607
5510.702
6053.46 
6129.23 
6179.10 
6243.51 
7073.85 
7082.17 
7115.36 
7526.61 
7996.82 
8470.45 
8605.64 
9264.75 
        
  Mn I  
        
3756.639
3763.367
3773.855
3800.548
3806.711
3809.589
3816.742
3823.504
3823.887
3829.675
3833.861
3839.774
3843.984
3896.228
3896.336
3904.325
3921.762
3922.062
3922.677
3924.072
3926.472
3982.579
3985.231
3987.088
3987.451
4018.102
4026.433
4028.591
4030.751
4031.787
4033.064
4034.482
4035.724
4041.353
4045.199
4048.742
4048.993
4052.471
4055.211
4055.544
4057.950
4058.933
4059.385
4061.732
4065.079
4070.276
4079.237
4079.425
4082.940
4083.629
4089.936
4095.247
4105.361
4110.890
4131.107
4135.030
4137.262
4141.060
4157.016
4176.604
4182.250
4189.987
4211.749
4235.149
4235.297
4239.733
4257.666
4265.923
4278.672
4281.097
4284.080
4312.550
4381.696
4388.087
4411.868
4414.882
4419.764
4436.355
4451.574
4453.010
4455.014
4455.315
4455.814
4457.036
4457.548
4458.258
4460.371
4461.074
4462.027
4464.676
4470.138
4472.790
4479.395
4490.075
4491.648
4498.895
4502.220
4503.864
4605.359
4626.541
4642.800
4671.683
4701.146
4709.706
4727.458
4739.105
4754.042
4761.523
4762.367
4765.859
4766.418
4783.428
4823.524
4826.887
4844.305
4854.606
4965.853
5004.887
5022.000
5029.776
5086.879
5117.932
5149.151
5150.934
5255.326
5260.769
5308.916
5341.063
5344.432
5348.075
5349.875
5364.484
5374.387
5375.306
5377.630
5388.524
5394.674
5399.502
5407.419
5413.691
5420.363
5432.534
5433.420
5457.464
5470.637
5516.775
5537.744
5551.977
5567.762
5573.682
5602.042
5780.168
5816.836
5848.946
6013.48 
6014.38 
6016.69 
6021.78 
6265.62 
6349.79 
6356.09 
6378.97 
6382.19 
6391.24 
6440.97 
6443.51 
6491.70 
6519.38 
6570.80 
6931.16 
6942.53 
7283.80 
7302.89 
7326.50 
7764.72 
8701.06 
8703.75 
8737.33 
8740.92 
        
  Fe I  
        
3726.927
3727.093
3727.619
3727.809
3728.668
3728.972
3729.340
3730.386
3730.946
3731.374
3732.396
3733.318
3734.863
3735.324
3737.132
3738.305
3738.500
3739.116
3739.314
3739.523
3740.059
3740.240
3741.475
3742.141
3742.616
3742.944
3743.362
3743.776
3744.103
3745.561
3745.899
3746.478
3746.927
3748.262
3748.965
3749.486
3750.682
3751.090
3751.822
3752.415
3752.855
3753.138
3753.611
3754.500
3756.068
3756.938
3757.455
3758.233
3759.597
3760.050
3760.532
3761.061
3762.204
3763.789
3764.208
3765.539
3765.700
3766.089
3766.659
3767.192
3768.027
3769.988
3770.302
3770.405
3771.492
3773.359
3773.692
3774.824
3775.854
3776.455
3777.066
3777.330
3777.449
3778.315
3778.509
3778.693
3779.203
3779.459
3781.186
3781.606
3781.940
3782.117
3782.449
3782.609
3785.707
3785.787
3785.948
3786.168
3786.677
3786.811
3787.164
3787.881
3789.176
3789.438
3789.574
3789.819
3790.093
3790.239
3790.496
3790.655
3790.754
3791.506
3791.742
3792.155
3792.827
3793.354
3793.481
3793.872
3794.340
3795.002
3795.532
3796.006
3796.896
3797.515
3797.949
3798.511
3799.548
3801.336
3801.679
3801.809
3801.984
3802.279
3803.242
3804.010
3804.611
3804.792
3805.343
3806.217
3806.696
3807.537
3808.281
3808.729
3809.040
3809.151
3809.564
3810.756
3810.906
3811.035
3811.804
3811.891
3812.964
3813.635
3813.933
3814.523
3814.779
3815.840
3816.340
3816.908
3817.451
3817.639
3818.618
3819.493
3820.425
3821.177
3821.834
3824.075
3824.444
3825.403
3825.881
3826.626
3826.842
3827.572
3827.823
3828.151
3830.758
3830.862
3833.308
3834.223
3836.331
3836.915
3837.135
3839.256
3839.630
3840.437
3841.048
3842.896
3842.989
3843.257
3845.192
3845.695
3845.985
3846.283
3846.410
3846.800
3846.934
3848.289
3849.967
3850.818
3852.573
3853.457
3854.367
3855.845
3856.372
3859.212
3859.911
3861.341
3863.729
3865.523
3867.216
3867.921
3868.232
3869.591
3871.748
3872.501
3872.921
3873.761
3874.054
3876.040
3876.670
3878.018
3878.573
3883.280
3884.359
3885.511
3885.750
3886.282
3887.048
3888.514
3888.822
3889.920
3890.396
3890.840
3891.927
3892.302
3892.982
3893.309
3893.390
3893.912
3894.490
3895.440
3895.656
3896.630
3897.448
3897.890
3898.009
3899.029
3899.707
3902.946
3903.898
3904.082
3905.009
3905.183
3906.480
3906.747
3906.963
3907.465
3907.675
3907.934
3909.657
3909.829
3910.844
3910.999
3911.699
3913.632
3914.500
3916.731
3917.180
3918.315
3918.415
3918.641
3919.065
3920.258
3920.646
3920.837
3921.272
3922.912
3925.201
3925.533
3925.644
3925.941
3926.013
3927.920
3928.083
3929.116
3929.208
3930.297
3930.876
3931.117
3932.627
3935.307
3935.812
3937.328
3938.021
3940.043
3940.877
3941.183
3941.275
3942.364
3942.440
3943.165
3943.341
3943.575
3944.739
3944.889
3945.117
3946.995
3947.379
3947.531
3948.097
3948.276
3948.775
3949.229
3949.953
3950.138
3950.781
3951.163
3951.638
3952.601
3952.696
3953.151
3953.512
3953.857
3954.713
3955.214
3955.341
3955.769
3955.955
3956.455
3956.676
3958.399
3958.739
3959.453
3960.279
3961.140
3962.352
3962.722
3963.100
3963.432
3964.515
3965.509
3966.062
3966.500
3966.630
3969.257
3970.389
3971.323
3971.811
3972.916
3973.649
3974.381
3974.758
3975.206
3975.841
3976.385
3976.613
3976.861
3977.166
3977.743
3978.456
3979.641
3980.008
3980.650
3981.104
3981.771
3983.350
3983.518
3983.956
3984.934
3985.316
3985.387
3986.172
3986.301
3989.241
3990.373
3992.390
3992.634
3993.106
3993.617
3994.000
3994.113
3995.204
3995.983
3996.260
3996.778
3996.964
3997.392
3997.484
3998.053
4000.252
4000.457
4001.662
4002.661
4003.761
4004.827
4004.978
4005.241
4005.386
4005.482
4006.157
4006.311
4006.624
4006.761
4007.272
4009.542
4009.713
4010.177
4010.749
4010.948
4011.408
4011.711
4011.889
4012.149
4013.640
4013.803
4014.265
4014.531
4015.606
4016.419
4016.539
4017.083
4017.149
4017.462
4018.268
4019.042
4020.020
4020.484
4021.603
4021.866
4022.213
4022.449
4022.736
4024.096
4024.725
4028.776
4029.629
4030.185
4030.488
4030.890
4031.240
4031.728
4031.961
4032.456
4032.628
4033.187
4033.648
4035.250
4035.594
4035.980
4036.366
4036.552
4037.136
4038.622
4038.790
4039.938
4040.095
4040.638
4041.271
4041.649
4041.910
4042.750
4043.896
4043.977
4044.491
4044.544
4044.609
4045.112
4045.594
4045.812
4046.062
4046.460
4047.304
4049.327
4050.674
4051.905
4052.013
4052.295
4052.440
4052.690
4053.273
4054.177
4054.454
4054.806
4054.869
4055.036
4055.980
4056.345
4057.344
4057.655
4058.217
4058.460
4058.754
4059.714
4061.096
4061.955
4062.441
4063.276
4063.594
4064.050
4064.449
4065.381
4066.585
4066.768
4066.974
4067.271
4067.487
4067.605
4067.978
4069.068
4069.610
4070.010
4070.422
4070.771
4071.520
4071.738
4072.333
4072.502
4073.762
4074.683
4074.786
4075.937
4076.218
4076.490
4076.629
4076.800
4076.881
4078.354
4078.822
4079.168
4079.838
4080.209
4080.877
4082.108
4083.549
4083.763
4084.491
4085.004
4085.303
4085.984
4087.094
4087.789
4088.557
4089.217
4090.072
4090.326
4090.769
4090.953
4091.553
4092.277
4092.506
4094.422
4095.346
4095.970
4096.107
4096.210
4096.690
4096.950
4097.017
4097.083
4098.175
4099.983
4100.167
4100.347
4100.737
4101.261
4101.685
4103.613
4103.833
4104.134
4104.460
4104.770
4104.941
4106.259
4106.423
4107.488
4107.750
4108.133
4109.056
4109.802
4112.089
4112.319
4112.935
4114.445
4114.938
4115.881
4116.952
4117.853
4118.545
4118.887
4119.394
4120.206
4121.803
4122.515
4123.747
4124.487
4125.231
4125.617
4125.880
4126.183
4126.854
4127.608
4127.798
4129.461
4130.037
4131.750
4131.936
4132.058
4132.533
4132.701
4132.899
4133.855
4134.203
4134.336
4134.420
4134.677
4135.769
4136.521
4136.998
4137.419
4137.967
4138.839
4139.927
4140.240
4140.402
4141.863
4142.589
4143.415
4143.497
4143.868
4145.199
4146.064
4147.342
4147.490
4147.668
4149.365
4149.497
4149.761
4150.250
4150.448
4151.761
4151.945
4152.069
4152.169
4153.387
4153.900
4154.099
4154.499
4154.806
4155.915
4156.323
4156.454
4156.671
4156.799
4157.780
4158.366
4158.792
4160.333
4160.552
4160.777
4161.077
4161.484
4163.676
4164.782
4165.388
4167.859
4167.955
4168.615
4168.941
4169.090
4169.756
4170.902
4171.041
4171.690
4171.899
4172.081
4172.573
4172.641
4172.745
4172.962
4173.315
4173.472
4173.921
4174.402
4174.913
4175.636
4175.899
4176.566
4176.864
4177.083
4177.594
4178.051
4179.365
4180.410
4181.187
4181.550
4181.754
4182.382
4182.758
4183.006
4184.892
4185.661
4185.794
4187.039
4187.587
4187.795
4188.327
4188.731
4189.556
4191.431
4191.676
4191.974
4192.375
4193.604
4194.493
4195.329
4195.618
4196.208
4196.531
4197.097
4197.380
4198.304
4198.528
4198.634
4199.095
4199.361
4199.983
4200.778
4200.925
4202.030
4202.331
4202.753
4203.568
4203.961
4205.539
4206.697
4207.127
4208.604
4209.830
4210.344
4213.419
4213.647
4214.352
4215.968
4216.184
4217.545
4218.208
4219.387
4219.731
4220.049
4220.342
4222.213
4223.233
4223.729
4224.171
4224.299
4224.513
4225.454
4225.713
4225.956
4226.424
4227.427
4228.718
4229.404
4229.510
4229.751
4230.584
4232.727
4233.603
4235.650
4235.937
4236.759
4237.074
4237.167
4237.670
4238.023
4238.608
4238.810
4239.361
4239.732
4239.848
4239.942
4240.371
4240.694
4241.114
4242.729
4243.368
4243.541
4243.816
4245.257
4245.344
4246.012
4246.084
4247.306
4247.425
4247.425
4248.224
4248.402
4249.580
4250.119
4250.787
4253.537
4253.931
4254.945
4255.500
4255.852
4256.206
4256.310
4256.807
4258.316
4258.611
4258.952
4259.336
4260.000
4260.081
4260.135
4260.474
4260.729
4262.696
4264.204
4264.738
4265.251
4266.965
4267.389
4267.827
4268.749
4269.729
4270.311
4271.154
4271.760
4273.868
4275.699
4276.676
4277.389
4277.675
4278.231
4279.489
4279.870
4280.540
4281.592
4282.403
4283.384
4284.405
4285.442
4285.822
4286.435
4286.864
4286.983
4288.146
4289.915
4290.379
4291.463
4292.118
4292.284
4293.798
4294.094
4298.036
4298.209
4299.235
4299.467
4299.628
4300.207
4300.827
4302.186
4303.166
4304.541
4305.131
4305.207
4305.450
4306.578
4307.902
4309.030
4309.412
4310.375
4315.084
4316.967
4317.048
4319.433
4320.129
4320.362
4320.483
4321.800
4325.761
4326.753
4327.096
4327.903
4329.540
4330.812
4330.952
4331.410
4332.431
4334.928
4335.460
4336.859
4337.046
4338.248
4341.247
4341.813
4343.243
4343.698
4344.500
4344.890
4346.553
4347.233
4347.833
4348.937
4351.377
4351.543
4352.734
4354.279
4358.499
4358.684
4358.921
4360.803
4365.896
4367.579
4367.904
4369.772
4370.981
4372.982
4373.561
4374.489
4375.477
4375.930
4376.774
4377.330
4377.792
4382.768
4383.545
4385.250
4386.599
4387.891
4388.407
4389.245
4390.448
4390.950
4391.863
4392.308
4392.580
4393.024
4395.497
4401.290
4401.443
4403.175
4404.102
4404.750
4405.019
4407.233
4407.657
4407.709
4408.414
4409.120
4414.229
4414.459
4414.931
4415.123
4418.419
4419.789
4420.266
4422.568
4423.141
4423.841
4424.068
4424.188
4425.656
4425.751
4427.311
4429.187
4430.189
4430.614
4432.087
4432.568
4433.219
4433.391
4433.783
4435.149
4436.921
4437.694
4438.343
4439.634
4439.881
4440.479
4440.824
4440.969
4441.546
4442.339
4442.832
4443.194
4445.472
4446.832
4446.896
4447.130
4447.717
4447.806
4450.315
4450.753
4452.609
4452.799
4454.381
4454.671
4455.027
4456.326
4456.630
4458.080
4459.118
4459.353
4461.197
4461.373
4461.653
4461.970
4462.195
4463.132
4464.688
4464.767
4466.552
4466.938
4469.375
4471.677
4471.805
4472.711
4476.019
4476.075
4478.018
4478.998
4479.603
4479.963
4480.136
4480.271
4481.029
4481.609
4482.170
4482.252
4482.739
4483.777
4484.220
4485.675
4485.972
4487.359
4487.736
4488.133
4488.906
4489.740
4490.084
4490.232
4490.761
4490.811
4492.679
4492.966
4494.056
4494.563
4495.568
4495.954
4499.137
4500.630
4502.591
4504.203
4504.831
4507.213
4509.303
4509.734
4510.821
4511.064
4514.184
4514.417
4514.500
4515.167
4516.086
4516.269
4516.459
4517.137
4517.524
4517.596
4518.577
4523.399
4525.137
4525.864
4526.399
4526.561
4527.783
4528.479
4528.614
4528.757
4528.821
4529.551
4529.676
4531.148
4531.630
4533.957
4536.486
4537.673
4538.600
4538.759
4538.836
4540.672
4541.314
4541.941
4542.412
4542.698
4543.232
4544.486
4546.474
4546.677
4547.017
4547.847
4549.466
4550.796
4551.646
4552.542
4554.451
4555.736
4556.126
4556.925
4557.287
4558.104
4560.088
4561.415
4564.699
4564.822
4565.310
4565.662
4566.515
4566.867
4566.988
4568.603
4568.763
4568.839
4569.056
4571.438
4572.886
4574.216
4574.718
4575.780
4576.518
4579.067
4579.327
4579.688
4579.820
4580.577
4581.192
4582.297
4582.939
4583.721
4584.716
4584.819
4585.340
4586.231
4587.127
4587.720
4590.790
4591.503
4592.651
4593.525
4595.208
4595.359
4596.061
4596.416
4596.575
4597.251
4597.380
4597.745
4597.871
4598.117
4598.367
4598.740
4599.843
4600.934
4602.001
4602.941
4603.342
4603.949
4604.242
4604.558
4604.852
4605.101
4605.588
4607.096
4607.646
4611.063
4611.185
4611.279
4612.616
4613.203
4613.903
4614.205
4615.562
4618.757
4619.288
4620.136
4621.615
4625.046
4625.437
4626.755
4627.547
4628.683
4630.121
4630.782
4631.037
4631.497
4632.142
4632.821
4632.912
4633.756
4634.712
4635.617
4635.846
4636.671
4637.504
4638.010
4641.215
4642.588
4643.214
4643.463
4647.179
4647.434
4648.977
4649.816
4653.490
4654.499
4654.617
4656.457
4657.584
4658.295
4660.432
4660.919
4661.320
4661.535
4661.971
4663.178
4664.719
4665.546
4666.112
4667.453
4668.134
4669.171
4671.415
4672.035
4672.831
4673.164
4673.270
4674.298
4674.648
4677.589
4678.417
4678.846
4679.225
4680.294
4680.550
4682.111
4682.561
4683.560
4684.597
4685.024
4687.303
4687.386
4687.670
4688.176
4690.138
4690.369
4691.412
4694.859
4700.158
4700.437
4701.045
4701.907
4702.300
4702.602
4704.949
4705.457
4706.299
4707.274
4707.488
4708.969
4709.088
4710.284
4712.099
4712.514
4714.071
4714.192
4714.359
4716.839
4720.561
4721.001
4725.934
4726.137
4726.998
4727.264
4727.395
4728.164
4728.546
4729.020
4729.677
4731.041
4733.592
4734.098
4735.844
4736.773
4737.374
4737.594
4740.340
4741.070
4741.530
4742.938
4744.641
4744.943
4745.129
4745.800
4746.278
4749.948
4751.084
4754.039
4756.356
4757.578
4758.688
4760.072
4765.477
4766.786
4766.866
4768.359
4768.699
4771.696
4772.817
4773.146
4773.497
4773.973
4776.067
4776.377
4776.482
4779.440
4780.817
4782.810
4785.957
4786.807
4787.500
4787.827
4788.757
4789.651
4790.565
4790.743
4791.246
4793.962
4794.361
4798.265
4798.731
4799.067
4799.406
4800.129
4800.554
4800.649
4801.619
4802.521
4802.880
4804.519
4804.593
4807.239
4807.708
4808.148
4808.680
4809.138
4809.246
4809.938
4813.113
4813.723
4814.372
4815.235
4816.680
4817.778
4818.038
4818.660
4821.028
4821.572
4822.672
4824.166
4825.356
4829.680
4831.202
4832.728
4833.816
4834.507
4835.868
4837.664
4838.084
4838.512
4839.544
4840.321
4840.896
4841.670
4841.799
4842.714
4842.789
4843.144
4843.366
4844.013
4845.648
4848.883
4849.668
4851.868
4854.180
4855.674
4858.245
4859.122
4859.302
4859.742
4860.979
4861.947
4863.644
4863.779
4867.541
4868.374
4869.464
4870.037
4871.318
4871.928
4872.138
4872.699
4872.907
4873.751
4874.354
4875.030
4875.877
4876.188
4877.606
4878.211
4880.528
4881.718
4882.144
4885.431
4886.332
4887.194
4887.366
4888.637
4889.001
4889.102
4890.755
4891.048
4891.145
4891.492
4892.859
4893.703
4894.561
4896.438
4900.823
4902.164
4902.369
4903.310
4905.133
4905.216
4906.143
4906.771
4907.732
4908.030
4908.599
4909.384
4910.017
4910.326
4910.565
4911.529
4911.780
4912.499
4913.143
4916.673
4917.230
4918.012
4918.974
4919.744
4920.503
4922.159
4923.155
4924.298
4924.770
4925.283
4926.842
4927.418
4927.868
4930.062
4930.315
4933.190
4933.317
4933.873
4934.083
4935.421
4938.174
4938.814
4939.239
4939.687
4942.459
4942.591
4944.307
4945.280
4945.638
4946.389
4950.106
4952.643
4957.299
4957.597
4957.680
4961.041
4961.914
4962.572
4966.089
4966.290
4967.897
4968.393
4968.698
4969.917
4970.496
4970.646
4973.102
4974.247
4975.412
4977.648
4978.604
4978.692
4979.586
4979.836
4980.283
4980.539
4982.500
4983.251
4983.853
4985.253
4985.547
4985.984
4986.223
4986.903
4987.646
4987.854
4988.950
4990.461
4991.269
4991.868
4992.785
4993.751
4994.129
4995.410
4997.960
4999.112
5000.210
5001.864
5002.581
5002.792
5004.044
5005.712
5006.119
5006.691
5007.275
5007.709
5008.639
5010.327
5011.212
5012.068
5012.158
5012.694
5013.913
5014.942
5015.309
5016.479
5019.184
5019.730
5020.669
5020.817
5021.591
5021.683
5021.890
5022.235
5022.789
5023.187
5023.498
5024.793
5025.084
5025.302
5027.124
5027.226
5027.343
5027.527
5027.757
5028.127
5029.618
5030.779
5031.037
5031.181
5031.915
5036.293
5036.922
5039.252
5040.240
5040.882
5041.072
5041.348
5041.448
5041.756
5041.849
5044.212
5047.122
5048.436
5049.820
5051.635
5052.982
5054.643
5055.991
5056.841
5057.483
5057.998
5058.498
5060.079
5065.019
5065.193
5067.149
5068.766
5069.423
5072.078
5072.672
5074.749
5076.265
5078.530
5078.975
5079.223
5079.740
5080.352
5080.788
5080.937
5081.840
5083.339
5084.545
5085.679
5085.903
5086.773
5088.153
5090.774
5091.720
5096.182
5096.998
5097.498
5098.572
5098.698
5099.077
5102.199
5104.030
5104.191
5104.437
5107.447
5107.641
5108.403
5109.652
5110.358
5110.413
5115.778
5119.913
5120.883
5121.640
5121.974
5123.720
5124.620
5125.117
5126.193
5127.360
5127.680
5129.631
5131.469
5133.689
5136.093
5137.383
5139.251
5139.463
5140.826
5141.739
5142.521
5142.929
5143.724
5145.094
5146.307
5148.043
5148.229
5150.197
5150.839
5151.911
5156.598
5159.058
5162.273
5164.551
5164.911
5165.411
5166.282
5167.489
5167.712
5168.898
5169.298
5170.742
5171.315
5171.596
5172.216
5173.504
5177.234
5178.801
5180.061
5184.176
5184.266
5187.914
5188.365
5191.455
5192.344
5194.942
5195.472
5196.060
5197.937
5198.711
5202.256
5202.336
5204.583
5204.950
5205.311
5206.815
5208.594
5209.885
5213.349
5213.811
5214.608
5215.181
5216.274
5217.389
5217.919
5218.511
5221.038
5221.763
5223.186
5225.526
5226.067
5226.863
5227.190
5228.377
5229.862
5231.389
5232.941
5235.387
5236.205
5236.382
5238.249
5240.355
5241.926
5242.491
5243.777
5245.634
5245.735
5246.002
5247.050
5249.105
5250.209
5250.646
5251.605
5251.966
5253.037
5253.462
5254.956
5255.665
5255.736
5259.091
5261.500
5262.621
5262.881
5263.306
5263.865
5265.244
5266.555
5267.270
5269.537
5270.062
5270.356
5273.164
5273.373
5273.598
5274.981
5275.282
5277.310
5278.581
5279.669
5280.362
5281.162
5281.791
5283.622
5284.609
5285.129
5285.590
5288.375
5288.525
5290.796
5292.586
5293.029
5293.959
5294.548
5295.312
5296.063
5298.776
5300.403
5301.309
5302.304
5307.361
5308.687
5310.466
5311.640
5315.077
5315.771
5317.545
5318.034
5319.211
5320.036
5321.108
5322.041
5323.505
5324.179
5326.143
5326.787
5327.261
5328.039
5328.531
5329.990
5332.661
5332.900
5333.150
5334.334
5339.425
5339.930
5341.024
5346.339
5349.738
5353.374
5358.115
5361.625
5364.872
5365.399
5367.467
5369.962
5371.489
5373.708
5376.833
5377.046
5379.574
5383.369
5385.576
5386.334
5386.959
5387.481
5389.479
5391.247
5391.458
5391.623
5393.168
5395.218
5396.905
5397.128
5397.202
5397.618
5398.280
5398.815
5400.502
5400.656
5401.269
5403.822
5404.134
5405.350
5405.775
5406.337
5406.775
5407.376
5409.133
5410.910
5412.786
5415.200
5417.033
5421.401
5421.842
5422.163
5423.738
5424.068
5428.710
5429.504
5429.696
5429.839
5432.947
5434.523
5435.181
5436.295
5436.596
5437.193
5438.051
5441.338
5443.420
5445.043
5446.583
5446.875
5446.917
5452.089
5453.992
5455.455
5455.610
5456.463
5460.877
5461.550
5462.959
5463.277
5464.280
5466.396
5466.988
5467.759
5470.094
5473.165
5473.901
5476.289
5476.564
5478.456
5480.861
5481.243
5481.438
5483.099
5487.145
5487.482
5487.746
5489.869
5491.831
5493.499
5493.845
5494.462
5496.573
5497.516
5499.597
5501.465
5504.362
5505.882
5506.779
5508.409
5512.257
5512.403
5516.291
5516.482
5517.065
5521.299
5522.446
5523.994
5524.268
5525.544
5528.899
5529.161
5531.984
5532.747
5532.869
5534.651
5535.418
5536.580
5538.516
5539.280
5539.828
5543.029
5543.189
5543.936
5546.505
5546.993
5549.656
5549.952
5552.693
5553.578
5554.895
5555.176
5557.944
5559.647
5560.211
5561.243
5562.125
5562.707
5563.600
5563.694
5565.704
5566.814
5567.278
5567.391
5568.079
5568.706
5568.808
5569.618
5570.064
5572.842
5573.103
5576.089
5577.031
5579.353
5583.987
5584.765
5586.755
5587.574
5589.000
5589.851
5592.234
5594.655
5595.065
5598.290
5598.290
5600.224
5602.566
5602.767
5602.945
5603.745
5607.664
5608.972
5609.985
5611.359
5611.679
5613.712
5614.271
5615.296
5615.644
5617.136
5617.216
5618.632
5619.225
5619.595
5620.027
5620.420
5620.492
5622.946
5623.640
5624.021
5624.542
5625.704
5627.085
5631.716
5633.947
5635.823
5636.212
5636.696
5637.108
5638.263
5639.345
5640.311
5641.435
5642.751
5643.926
5644.026
5645.834
5646.685
5647.767
5649.631
5649.987
5650.706
5651.469
5652.020
5652.318
5653.867
5655.177
5655.490
5658.532
5658.658
5658.816
5659.575
5660.801
5661.021
5661.346
5661.971
5662.516
5662.938
5666.791
5667.518
5669.648
5671.830
5672.264
5677.685
5678.378
5678.602
5679.023
5680.240
5682.499
5684.484
5685.863
5686.120
5686.530
5691.497
5691.703
5693.318
5693.643
5696.089
5698.020
5699.410
5701.544
5701.899
5702.907
5704.734
5705.464
5705.993
5706.096
5707.050
5707.248
5707.704
5708.095
5709.378
5709.933
5711.849
5712.131
5712.888
5714.154
5714.549
5715.099
5715.474
5716.172
5717.833
5720.898
5721.707
5723.672
5724.455
5730.856
5731.762
5732.295
5732.863
5734.565
5735.708
5738.228
5739.780
5741.848
5742.959
5743.929
5747.954
5749.409
5749.636
5750.032
5752.032
5753.122
5753.383
5753.969
5754.402
5755.132
5755.348
5756.814
5759.261
5759.541
5760.344
5761.255
5762.413
5762.838
5762.992
5767.973
5769.333
5769.673
5770.157
5773.451
5775.081
5775.630
5776.225
5778.454
5778.809
5779.688
5780.601
5780.804
5783.895
5784.659
5786.991
5787.275
5791.018
5791.524
5793.679
5793.915
5796.430
5796.660
5798.172
5801.269
5804.463
5806.725
5807.784
5807.975
5809.218
5809.882
5809.971
5811.914
5812.445
5813.330
5814.808
5815.218
5815.628
5816.061
5816.374
5817.076
5819.280
5821.890
5826.638
5827.454
5827.877
5833.926
5834.029
5835.101
5835.417
5835.573
5836.755
5837.701
5838.142
5838.372
5844.918
5845.287
5845.962
5848.129
5849.186
5849.684
5850.090
5851.205
5852.219
5853.148
5855.077
5856.088
5858.778
5859.234
5859.587
5859.955
5861.109
5862.356
5864.245
5864.396
5866.233
5871.303
5873.212
5876.278
5877.788
5879.487
5880.027
5881.280
5881.750
5883.075
5883.817
5886.816
5887.464
5891.175
5891.878
5892.465
5892.693
5893.234
5898.215
5899.063
5901.531
5901.742
5902.473
5905.671
5906.843
5907.863
5909.973
5914.112
5914.202
5916.248
5920.503
5923.750
5926.824
5927.789
5929.678
5930.180
5931.891
5933.801
5934.655
5936.938
5940.453
5940.992
5942.735
5943.101
5943.579
5947.512
5949.347
5950.130
5951.453
5952.719
5956.460
5956.694
5957.865
5958.229
5958.333
5959.915
5960.361
5961.524
5961.918
5962.219
5963.065
5963.238
5965.472
5966.980
5969.562
5973.470
5975.346
5976.160
5976.439
5976.776
5978.146
5978.895
5981.364
5982.312
5983.681
5984.815
5985.188
5986.090
5987.064
5992.642
5992.999
5994.544
5997.778
6000.63 
6003.01 
6005.54 
6007.72 
6007.96 
6008.56 
6009.83 
6012.21 
6012.44 
6013.91 
6015.24 
6018.30 
6019.37 
6020.01 
6020.17 
6022.49 
6024.06 
6027.05 
6027.72 
6027.97 
6034.04 
6035.34 
6036.46 
6042.09 
6042.23 
6051.04 
6054.07 
6055.09 
6055.40 
6056.00 
6057.26 
6060.62 
6060.81 
6062.85 
6065.48 
6065.80 
6078.49 
6079.01 
6081.71 
6081.83 
6082.71 
6083.66 
6091.72 
6093.65 
6094.37 
6096.67 
6097.08 
6098.25 
6100.27 
6102.18 
6103.19 
6103.29 
6105.13 
6107.33 
6114.39 
6120.25 
6127.91 
6130.36 
6135.79 
6136.62 
6136.99 
6137.50 
6137.69 
6139.66 
6141.73 
6145.41 
6147.83 
6148.67 
6151.62 
6157.73 
6159.38 
6163.54 
6165.36 
6170.51 
6171.01 
6173.34 
6180.20 
6185.70 
6187.41 
6187.99 
6191.56 
6199.47 
6200.31 
6207.26 
6212.04 
6213.43 
6215.14 
6219.28 
6220.78 
6221.66 
6226.25 
6226.74 
6229.23 
6230.72 
6232.64 
6240.31 
6240.65 
6246.32 
6249.65 
6251.26 
6252.56 
6253.83 
6254.26 
6256.36 
6265.13 
6270.23 
6271.28 
6271.52 
6280.62 
6288.32 
6290.54 
6290.97 
6293.93 
6297.79 
6301.50 
6302.49 
6303.46 
6307.85 
6311.50 
6312.77 
6315.31 
6315.41 
6315.81 
6318.02 
6322.69 
6330.85 
6335.33 
6336.82 
6338.88 
6339.98 
6344.15 
6350.54 
6351.27 
6353.84 
6355.03 
6358.70 
6362.88 
6364.37 
6364.69 
6367.12 
6368.38 
6376.20 
6380.74 
6385.72 
6388.42 
6392.54 
6393.60 
6396.39 
6398.08 
6399.65 
6400.00 
6400.32 
6408.02 
6408.33 
6411.11 
6411.65 
6412.20 
6416.93 
6419.65 
6419.95 
6421.35 
6430.85 
6436.41 
6438.76 
6446.10 
6462.73 
6469.19 
6472.15 
6475.62 
6481.87 
6483.95 
6494.50 
6494.98 
6495.74 
6496.47 
6498.94 
6501.67 
6504.51 
6509.62 
6518.37 
6524.75 
6528.54 
6533.93 
6538.49 
6546.24 
6551.68 
6556.79 
6559.77 
6569.22 
6571.17 
6574.23 
6575.02 
6581.21 
6584.58 
6591.31 
6592.91 
6593.87 
6597.56 
6601.14 
6603.20 
6603.34 
6608.03 
6609.11 
6609.68 
6613.83 
6622.41 
6623.79 
6625.02 
6627.54 
6633.41 
6633.75 
6634.11 
6635.70 
6639.88 
6645.37 
6646.93 
6648.08 
6653.85 
6663.23 
6663.44 
6665.43 
6667.17 
6667.42 
6672.68 
6673.81 
6676.87 
6677.99 
6687.49 
6692.27 
6696.32 
6699.14 
6703.57 
6704.48 
6705.10 
6707.43 
6710.32 
6711.82 
6713.05 
6713.20 
6713.74 
6715.38 
6716.24 
6717.53 
6725.36 
6726.67 
6730.29 
6732.06 
6733.15 
6735.01 
6736.53 
6737.27 
6737.99 
6739.52 
6745.10 
6745.96 
6746.95 
6750.15 
6752.71 
6753.46 
6755.61 
6764.11 
6769.66 
6777.41 
6783.27 
6783.70 
6785.74 
6786.43 
6786.86 
6787.16 
6793.26 
6793.62 
6794.62 
6796.05 
6796.12 
6801.87 
6803.83 
6804.00 
6804.27 
6806.84 
6810.26 
6814.74 
6820.37 
6822.04 
6824.82 
6828.59 
6833.23 
6837.01 
6838.83 
6839.83 
6841.34 
6842.69 
6843.66 
6844.66 
6845.98 
6847.59 
6848.87 
6851.63 
6854.33 
6854.82 
6855.16 
6855.71 
6857.25 
6858.15 
6859.49 
6860.09 
6860.29 
6860.95 
6861.94 
6862.48 
6864.32 
6875.45 
6876.00 
6880.63 
6881.05 
6881.46 
6898.31 
6902.80 
6911.52 
6912.43 
6916.68 
6920.16 
6926.38 
6930.64 
6933.04 
6933.63 
6936.49 
6945.21 
6951.25 
6951.65 
6960.34 
6970.49 
6971.95 
6975.46 
6976.30 
6976.93 
6977.44 
6978.85 
6979.15 
6981.63 
6983.54 
6988.52 
6999.88 
7000.63 
7007.97 
7010.36 
7011.34 
7014.99 
7016.07 
7016.39 
7022.38 
7022.95 
7024.08 
7024.65 
7027.60 
7030.86 
7031.02 
7031.42 
7034.07 
7038.22 
7044.60 
7057.96 
7068.02 
7068.41 
7068.60 
7069.54 
7071.88 
7072.82 
7079.32 
7083.40 
7086.76 
7090.38 
7091.91 
7092.86 
7093.10 
7094.30 
7095.43 
7100.16 
7101.28 
7103.15 
7107.46 
7112.18 
7114.55 
7118.12 
7120.01 
7125.00 
7127.58 
7129.30 
7130.92 
7132.99 
7142.52 
7145.32 
7148.69 
7151.49 
7155.64 
7158.50 
7162.37 
7164.45 
7175.94 
7176.89 
7180.02 
7181.20 
7181.93 
7189.17 
7190.12 
7192.46 
7194.92 
7205.51 
7207.11 
7207.39 
7212.44 
7213.90 
7214.90 
7216.68 
7219.69 
7221.22 
7222.88 
7223.66 
7225.83 
7228.70 
7239.87 
7254.65 
7256.11 
7261.00 
7261.29 
7261.51 
7267.00 
7268.58 
7278.48 
7282.39 
7284.84 
7285.28 
7288.74 
7292.83 
7293.05 
7300.53 
7306.56 
7307.93 
7311.08 
7311.26 
7312.05 
7314.42 
7316.77 
7317.40 
7320.68 
7323.32 
7330.16 
7333.55 
7343.95 
7344.18 
7347.16 
7348.51 
7351.10 
7351.51 
7353.53 
7359.95 
7363.92 
7366.37 
7370.11 
7373.00 
7376.48 
7382.63 
7382.92 
7385.54 
7386.33 
7389.40 
7396.24 
7396.51 
7398.98 
7400.87 
7401.68 
7411.15 
7415.19 
7418.33 
7418.67 
7420.24 
7421.56 
7430.56 
7430.86 
7440.91 
7443.02 
7443.25 
7445.75 
7447.39 
7447.91 
7452.11 
7454.00 
7461.52 
7463.38 
7466.52 
7471.73 
7473.55 
7474.51 
7476.38 
7477.60 
7478.87 
7481.74 
7481.93 
7484.30 
7486.11 
7491.65 
7495.07 
7498.53 
7501.28 
7506.01 
7507.27 
7511.02 
7512.14 
7514.20 
7528.15 
7531.15 
7537.47 
7540.43 
7541.53 
7541.91 
7546.17 
7547.90 
7551.11 
7559.72 
7563.01 
7568.90 
7573.43 
7582.12 
7583.79 
7586.02 
7588.31 
7588.86 
7617.24 
7617.99 
7647.84 
7650.95 
7661.20 
7661.48 
7664.16 
7664.29 
7710.36 
7714.60 
7719.05 
7720.71 
7723.21 
7733.72 
7737.67 
7742.70 
7745.51 
7746.60 
7748.27 
7751.11 
7780.56 
7802.47 
7807.91 
7810.81 
7813.65 
7820.80 
7832.20 
7844.56 
7855.40 
7869.61 
7879.76 
7892.55 
7892.80 
7912.87 
7924.15 
7937.14 
7941.09 
7941.83 
7945.85 
7954.93 
7955.69 
7959.14 
7964.98 
7994.47 
7998.95 
8002.58 
8024.55 
8027.94 
8028.31 
8046.05 
8047.62 
8072.16 
8075.15 
8080.55 
8085.17 
8090.33 
8096.88 
8108.32 
8112.16 
8126.51 
8129.33 
8133.34 
8145.47 
8146.68 
8186.80 
8196.52 
8198.27 
8198.92 
8204.10 
8204.94 
8207.74 
8215.80 
8220.38 
8232.32 
8239.13 
8242.52 
8248.13 
8263.83 
8264.28 
8269.65 
8275.89 
8292.81 
8293.51 
8300.00 
8327.06 
8331.92 
8332.54 
8339.40 
8340.50 
8342.20 
8342.86 
8345.20 
8349.04 
8358.52 
8360.80 
8365.63 
8382.25 
8387.77 
8395.10 
8401.40 
8401.69 
8414.09 
8419.28 
8422.91 
8424.14 
8434.49 
8439.57 
8447.64 
8459.01 
8465.20 
8466.10 
8466.53 
8468.41 
8471.74 
8480.63 
8481.98 
8482.89 
8493.80 
8496.51 
8496.99 
8514.07 
8515.11 
8525.03 
8526.67 
8527.85 
8538.01 
8559.74 
8562.11 
8567.79 
8571.81 
8576.50 
8582.26 
8584.80 
8592.11 
8592.95 
8598.83 
8607.08 
8610.61 
8611.80 
8613.94 
8616.28 
8621.60 
8632.42 
8643.29 
8652.50 
8654.04 
8654.42 
8656.68 
8663.72 
8668.93 
8671.86 
8674.75 
8675.79 
8679.63 
8680.79 
8686.78 
8688.63 
8689.71 
8689.86 
8698.71 
8699.45 
8700.33 
8710.39 
8713.20 
8729.15 
8747.42 
8755.74 
8757.19 
8763.97 
8779.12 
8784.44 
8790.52 
8793.34 
8796.49 
8798.05 
8804.63 
8805.23 
8808.17 
8809.26 
8814.52 
8816.89 
8824.22 
8828.09 
8832.97 
8834.03 
8838.43 
8846.74 
8862.05 
8863.59 
8866.93 
8868.43 
8876.02 
8878.24 
8878.75 
8878.95 
8887.10 
8891.40 
8892.13 
8896.01 
8902.92 
8906.00 
8920.01 
8922.65 
8929.08 
8930.92 
8931.79 
8940.33 
8942.90 
8943.06 
8945.19 
8946.26 
8950.19 
8953.56 
8954.94 
8956.25 
8959.88 
8961.36 
8975.40 
8978.20 
8984.89 
8994.63 
9008.41 
9010.59 
9012.07 
9013.98 
9019.75 
9024.37 
9024.75 
9030.71 
9036.75 
9047.77 
9049.35 
9057.97 
9058.76 
9064.69 
9070.40 
9080.39 
9084.19 
9088.32 
9089.41 
9098.61 
9100.50 
9100.68 
9103.64 
9112.24 
9116.25 
9117.13 
9118.88 
9119.97 
9132.74 
9140.12 
9146.13 
9147.71 
9147.96 
9157.08 
9164.57 
9173.20 
9178.56 
9178.97 
9179.74 
9199.45 
9203.15 
9210.03 
9214.50 
9217.56 
9226.43 
9242.37 
9246.56 
9258.27 
9259.01 
9289.45 
        
  Fe II 
        
3755.563
3759.460
3783.346
3824.913
3938.289
3974.159
4002.072
4069.884
4087.271
4122.638
4124.793
4128.735
4173.446
4178.854
4233.168
4258.155
4273.317
4278.128
4296.585
4314.290
4342.366
4351.760
4357.574
4368.262
4369.404
4384.329
4385.381
4413.596
4416.817
4446.248
4472.921
4489.185
4491.400
4508.284
4515.337
4520.225
4522.634
4534.166
4541.520
4555.890
4576.332
4582.835
4583.829
4620.512
4629.333
4648.934
4656.974
4663.701
4666.750
4670.163
4720.150
4731.438
4810.734
4825.736
4833.192
4839.997
4893.827
4923.930
4937.113
4993.348
5000.741
5001.915
5004.198
5018.449
5030.642
5132.657
5136.795
5144.360
5154.428
5160.847
5168.998
5197.558
5234.620
5256.932
5264.805
5276.000
5284.099
5316.623
5316.781
5325.559
5337.727
5346.564
5362.867
5370.296
5402.061
5411.362
5414.046
5425.246
5427.815
5503.215
5525.123
5532.084
5534.835
5732.716
5813.677
5823.155
5885.016
5952.525
5991.367
6045.46 
6084.10 
6113.33 
6147.77 
6149.24 
6233.53 
6238.39 
6247.37 
6247.55 
6248.89 
6331.95 
6367.41 
6369.46 
6375.79 
6383.72 
6385.46 
6416.92 
6432.68 
6442.95 
6446.40 
6456.39 
6482.21 
6493.03 
6516.08 
6586.70 
6627.24 
7067.44 
7071.87 
7222.39 
7224.47 
7301.56 
7310.19 
7343.22 
7427.55 
7449.34 
7479.69 
7515.83 
7533.36 
7711.72 
7841.37 
8809.83 
9251.79 
        
  Co I  
        
3728.841
3730.473
3732.387
3734.135
3735.924
3754.342
3755.443
3805.770
3808.097
3812.466
3813.922
3816.454
3817.936
3835.685
3841.457
3842.043
3843.692
3845.464
3851.844
3861.160
3873.116
3873.949
3876.827
3881.865
3884.596
3894.068
3894.972
3906.282
3909.929
3915.498
3935.958
3941.724
3945.322
3947.121
3952.323
3952.913
3957.625
3957.924
3965.236
3973.140
3974.721
3978.646
3978.860
3979.514
3990.295
3991.525
3991.679
3991.828
3994.538
3995.302
3997.897
4011.086
4013.938
4019.285
4020.895
4027.028
4035.539
4045.382
4057.192
4058.595
4066.361
4068.537
4076.131
4082.602
4086.295
4088.298
4090.349
4092.382
4092.848
4110.528
4118.769
4121.314
4187.242
4190.707
4252.297
4268.032
4417.393
4421.333
4431.604
4441.947
4445.044
4445.708
4469.542
4471.545
4477.208
4478.315
4484.509
4486.701
4492.072
4519.279
4527.934
4530.946
4543.804
4561.944
4570.021
4579.338
4581.592
4588.700
4594.628
4596.900
4608.912
4620.820
4624.557
4625.764
4628.904
4640.804
4643.729
4644.313
4657.386
4663.398
4677.246
4685.853
4693.185
4699.188
4704.382
4727.932
4732.050
4737.769
4746.111
4749.676
4754.354
4756.718
4767.138
4768.068
4771.104
4781.428
4785.067
4792.851
4795.849
4796.374
4813.472
4813.961
4840.250
4863.458
4867.865
4880.281
4882.699
4897.179
4899.517
4904.167
4907.126
4912.392
4932.878
4948.585
4959.689
4966.576
4971.011
4986.438
4993.003
5034.056
5077.406
5087.853
5094.950
5108.897
5122.763
5133.464
5146.749
5149.793
5154.067
5156.361
5158.849
5176.081
5210.036
5211.829
5212.696
5219.004
5230.208
5230.361
5235.184
5237.082
5247.916
5250.000
5254.646
5257.617
5266.297
5268.493
5276.178
5280.626
5287.570
5287.782
5292.199
5301.039
5310.215
5312.645
5325.272
5325.945
5331.453
5333.643
5336.160
5339.525
5341.325
5342.699
5343.378
5344.566
5347.494
5349.093
5352.043
5353.496
5358.920
5359.195
5362.778
5366.739
5368.904
5369.591
5381.775
5399.762
5408.116
5425.617
5444.585
5452.305
5454.573
5469.305
5483.354
5483.962
5489.666
5495.682
5523.310
5524.991
5530.779
5558.825
5590.744
5616.074
5637.733
5647.234
5688.590
5826.294
5830.070
5876.098
5877.427
5881.072
5883.415
5890.484
5915.551
5935.391
5946.484
5984.087
5984.248
5991.890
6005.02 
6006.35 
6049.11 
6082.43 
6086.66 
6093.14 
6105.47 
6116.99 
6122.64 
6189.00 
6249.50 
6282.64 
6320.42 
6347.84 
6395.16 
6417.82 
6425.11 
6429.91 
6444.68 
6450.23 
6455.00 
6474.56 
6477.86 
6490.34 
6551.46 
6595.87 
6617.13 
6617.57 
6632.44 
6665.28 
6678.82 
6684.88 
6692.87 
6703.94 
6756.57 
6771.04 
6814.95 
6819.53 
6872.37 
7015.18 
7016.60 
7027.80 
7052.87 
7054.04 
7055.88 
7084.97 
7113.54 
7134.29 
7154.69 
7159.15 
7353.46 
7354.58 
7388.69 
7417.38 
7457.34 
7553.97 
7561.07 
7564.96 
7586.72 
7712.66 
7838.12 
7840.00 
7843.64 
7855.82 
7869.87 
7871.37 
7908.68 
7926.52 
7987.36 
8007.24 
8022.08 
8029.22 
8043.31 
8056.00 
8093.93 
8208.57 
8269.38 
8298.95 
8372.79 
8378.34 
8379.44 
8559.07 
8574.45 
8575.35 
8586.68 
8589.78 
8733.29 
8835.24 
        
  Co II 
        
4244.253
        
  Ni I  
        
3728.921
3730.748
3736.810
3739.226
3739.778
3744.558
3749.044
3762.615
3772.526
3775.571
3778.059
3783.530
3792.338
3793.608
3807.144
3811.283
3831.691
3832.871
3844.259
3844.566
3858.297
3863.064
3881.859
3885.869
3889.666
3896.766
3908.922
3912.290
3912.975
3924.183
3939.142
3946.190
3954.530
3972.163
3973.554
3984.143
4009.984
4017.566
4019.067
4022.044
4023.996
4025.422
4027.663
4045.379
4046.750
4064.373
4074.894
4093.615
4115.978
4121.985
4138.492
4142.308
4142.963
4148.724
4164.637
4166.960
4184.467
4195.524
4200.454
4201.715
4212.839
4221.688
4231.033
4269.176
4284.675
4287.995
4295.881
4298.506
4298.765
4325.356
4331.642
4333.197
4359.577
4367.326
4368.306
4370.036
4384.535
4386.458
4389.860
4390.316
4398.620
4399.599
4400.859
4401.541
4410.519
4413.378
4431.033
4436.975
4437.566
4441.445
4442.428
4450.090
4459.033
4462.455
4463.418
4466.383
4470.477
4484.487
4490.539
4501.671
4506.307
4512.990
4519.983
4521.869
4537.409
4542.242
4546.927
4547.224
4551.224
4553.168
4567.410
4573.982
4592.526
4594.888
4595.949
4600.358
4601.396
4604.987
4609.909
4610.183
4614.585
4617.959
4620.387
4629.540
4646.913
4647.282
4648.652
4655.651
4666.986
4667.759
4674.754
4675.593
4681.038
4686.213
4701.353
4701.530
4703.807
4705.922
4712.056
4713.802
4714.417
4714.891
4715.762
4715.891
4719.668
4723.881
4727.845
4729.276
4731.797
4732.457
4733.192
4736.507
4740.166
4744.854
4752.114
4752.420
4754.763
4756.515
4758.419
4760.206
4760.751
4762.627
4763.944
4768.806
4773.411
4786.283
4786.536
4790.965
4793.427
4795.799
4799.791
4806.987
4808.549
4808.873
4811.983
4812.892
4814.598
4815.933
4817.818
4819.183
4821.120
4829.023
4831.176
4832.691
4834.816
4836.841
4838.643
4841.973
4843.159
4843.510
4845.168
4845.331
4852.554
4853.274
4853.780
4855.412
4857.393
4863.929
4864.277
4866.271
4870.831
4873.256
4873.442
4874.793
4886.711
4886.984
4890.429
4900.971
4904.412
4912.018
4913.973
4918.364
4918.702
4924.587
4925.563
4930.801
4935.830
4937.347
4941.933
4945.444
4946.032
4952.281
4953.208
4965.168
4967.524
4971.344
4974.360
4975.481
4976.135
4976.326
4976.697
4980.173
4984.115
4995.650
4996.844
4998.224
5000.343
5003.741
5010.022
5010.938
5012.443
5017.576
5018.281
5026.475
5032.727
5035.362
5035.972
5038.591
5039.358
5042.187
5048.057
5048.235
5048.847
5051.508
5053.300
5057.982
5067.779
5076.331
5079.958
5080.533
5081.111
5082.344
5084.096
5085.478
5088.536
5088.956
5094.411
5096.863
5099.320
5099.931
5102.966
5115.392
5121.557
5125.232
5128.085
5129.372
5130.360
5131.770
5137.074
5139.258
5142.776
5146.482
5148.668
5155.125
5155.764
5157.707
5157.980
5168.660
5176.561
5184.559
5186.553
5187.821
5192.495
5197.158
5216.479
5220.292
5231.842
5235.498
5248.370
5249.033
5259.473
5265.712
5268.334
5346.814
5347.075
5347.709
5351.840
5353.392
5371.331
5388.345
5392.332
5411.218
5424.537
5424.646
5428.848
5430.364
5435.858
5452.814
5453.230
5462.493
5463.920
5468.104
5475.429
5476.904
5480.777
5494.881
5499.409
5504.095
5510.009
5514.793
5521.427
5537.105
5553.691
5578.716
5587.858
5589.358
5592.146
5592.262
5593.736
5600.013
5606.998
5614.773
5625.316
5628.340
5637.118
5637.673
5638.747
5641.119
5641.883
5642.605
5643.078
5649.699
5663.984
5669.943
5682.200
5694.983
5703.688
5708.890
5709.544
5711.890
5715.067
5748.350
5749.294
5754.655
5760.830
5796.078
5805.219
5820.214
5831.598
5831.746
5846.993
5857.752
5863.928
5892.872
5906.500
5923.933
5925.812
5996.729
5997.591
5998.854
6007.31 
6012.26 
6025.75 
6039.30 
6053.68 
6086.28 
6095.35 
6105.77 
6108.12 
6111.07 
6116.18 
6118.10 
6119.76 
6128.98 
6130.14 
6133.97 
6163.43 
6175.37 
6175.92 
6176.81 
6177.24 
6177.55 
6183.11 
6183.85 
6186.72 
6191.18 
6198.62 
6204.60 
6223.98 
6230.09 
6256.35 
6257.58 
6258.58 
6259.60 
6271.77 
6272.63 
6314.66 
6316.58 
6322.16 
6327.60 
6339.11 
6350.48 
6360.81 
6364.57 
6366.48 
6370.35 
6375.22 
6378.25 
6381.11 
6383.67 
6384.66 
6414.59 
6421.51 
6424.86 
6432.00 
6451.56 
6452.70 
6482.80 
6502.21 
6532.87 
6576.36 
6580.21 
6586.31 
6592.51 
6598.60 
6621.14 
6635.12 
6639.74 
6643.63 
6647.79 
6661.33 
6690.77 
6700.90 
6711.58 
6742.59 
6759.44 
6763.05 
6763.69 
6767.77 
6772.32 
6782.50 
6813.61 
6842.04 
6850.38 
6914.56 
6928.52 
6955.03 
6973.51 
7001.54 
7024.87 
7028.59 
7028.97 
7030.02 
7034.38 
7037.37 
7062.96 
7063.54 
7110.90 
7122.20 
7126.68 
7141.60 
7166.98 
7170.09 
7173.73 
7181.97 
7197.01 
7220.78 
7261.92 
7286.57 
7290.87 
7327.65 
7381.93 
7385.24 
7386.20 
7393.60 
7401.12 
7409.34 
7414.50 
7422.27 
7458.75 
7481.47 
7522.76 
7525.11 
7555.60 
7559.65 
7574.05 
7616.98 
7619.20 
7657.25 
7714.31 
7715.57 
7727.62 
7748.89 
7788.93 
7797.58 
7826.76 
7855.13 
7861.04 
7863.78 
7890.15 
7917.43 
7957.47 
8417.19 
8501.79 
8606.38 
8637.00 
8702.50 
8716.58 
8770.68 
8809.41 
8862.55 
8877.04 
8968.14 
8982.35 
9058.50 
        
  Ni II 
        
3769.455
        
  Cu I  
        
4022.625
4062.637
4586.965
5105.537
5153.231
5218.197
5220.065
5700.236
5782.128
7933.13 
8092.63 
        
  Zn I  
        
4113.206
4680.134
4722.159
4810.530
6362.34 
        
  Rb I  
        
7800.27 
7947.63 
        
  Sr I  
        
4607.331
4741.922
4811.880
4832.076
4872.494
4962.264
6550.24 
6791.02 
6878.31 
7070.07 
        
  Sr II 
        
4077.715
4161.795
4215.524
4305.447
        
  Y I   
        
4039.834
4047.631
4102.376
4128.304
4142.839
4167.506
4477.443
4487.474
4513.580
4643.684
4674.845
4819.626
5228.561
5630.146
6222.60 
6402.00 
6435.01 
        
  Y II  
        
3747.552
3774.330
3776.557
3788.694
3800.864
3818.341
3832.891
3950.350
3982.592
4124.906
4177.530
4199.275
4204.694
4235.728
4309.622
4358.724
4374.934
4398.010
4422.584
4682.323
4786.577
4823.304
4853.057
4854.861
4881.434
4883.683
4900.119
4982.130
5087.419
5119.112
5123.210
5200.409
5205.723
5289.817
5320.783
5402.774
5473.386
5480.731
5497.406
5509.895
5521.563
5544.612
5546.009
5610.362
5662.924
5728.887
6613.73 
6795.42 
7881.90 
        
  Zr I  
        
3780.538
3822.406
3835.964
3890.318
3891.387
3921.796
3929.530
4004.398
4007.601
4024.917
4027.205
4028.952
4030.038
4043.576
4050.483
4061.529
4072.704
4081.215
4089.744
4094.266
4201.458
4227.758
4241.203
4241.687
4413.041
4507.119
4539.977
4553.011
4575.515
4590.548
4602.573
4604.420
4633.984
4687.802
4688.448
4710.074
4732.330
4739.478
4772.315
4784.920
4789.110
4805.871
4809.468
4815.044
4815.615
4824.287
4828.045
4866.060
5046.584
5078.254
5155.449
5277.410
5311.403
5362.556
5385.136
5623.526
5664.510
5680.897
5797.740
5879.796
5885.619
5925.131
5935.202
5955.354
6032.61 
6121.93 
6124.85 
6127.44 
6134.55 
6140.46 
6143.20 
6160.20 
6192.96 
6213.05 
6313.02 
6345.22 
6445.75 
6470.21 
6489.64 
6506.36 
6603.27 
6762.38 
6769.16 
6832.87 
6888.28 
6953.83 
6990.83 
7087.28 
7097.77 
7102.95 
7103.75 
7111.68 
7169.10 
7417.90 
7439.87 
7819.33 
7849.35 
7869.99 
7944.60 
7959.97 
8058.07 
8063.08 
8070.11 
8133.00 
8212.51 
8283.83 
8305.92 
8464.64 
9015.16 
9069.37 
        
  Zr II 
        
3731.264
3751.596
3766.820
3772.059
3796.485
3800.704
3836.764
3915.937
3958.217
3991.131
3998.968
4018.383
4024.438
4034.086
4040.236
4050.329
4071.085
4110.045
4149.203
4150.967
4156.236
4161.210
4179.809
4208.983
4211.875
4258.043
4264.906
4282.201
4317.314
4359.736
4379.777
4414.535
4442.998
4496.972
4881.242
5112.271
5311.767
5350.095
5350.355
6114.78 
        
  Nb I  
        
3742.388
3791.205
4100.914
4139.698
4152.569
4168.118
4573.073
4606.756
        
  Nb II 
        
3740.722
        
  Mo I  

3798.252
3864.111
4081.438
4474.563
5506.492
5533.045
5570.449
5689.134
5751.403
5791.848
5858.269
5888.325
6030.66 
6619.13 
        
  Ru I  
        
3726.925
3728.026
3742.287
3798.898
4080.601
4097.790
4107.838
4123.063
4144.163
4167.514
4199.902
4212.063
4342.068
4361.210
4372.209
4410.025
4460.035
4584.445
4709.484
4757.841
4822.567
4869.152
5057.332
5093.826
5309.268
5578.397
5699.046

  Pd I  
        
3958.642
4212.950
        
  Ba I  
        
5535.481
        
  Ba II 
        
3891.781
4130.648
4166.002
4524.929
4554.034
4899.935
4934.086
5853.675
6141.72 
6496.90 
8737.74 
        
  La II 
        
3790.823
3949.106
3988.518
3995.749
4042.910
4077.340
4086.714
4123.228
4238.380
4263.580
4322.503
4333.734
4429.904
4432.950
4522.366
4558.458
4559.295
4574.874
4605.782
4662.511
4716.443
4728.417
4743.085
4748.729
4804.042
4920.976
4921.795
4934.824
4986.834
5114.546
5122.991
5301.983
5302.607
5303.556
5377.075
5482.271
5769.074
5797.588
5805.784
5808.333
5863.708
5880.646
5936.217
6129.55 
6172.73 
6262.30 
6390.48 
6498.19 
6526.98 
6774.25 
7066.19 
7483.53 
        
  Ce II 
        
3728.017
3728.414
3751.441
3765.044
3800.323
3801.520
3803.086
3812.204
3854.254
3876.974
3898.267
3908.400
3908.531
3909.309
3912.426
3924.647
3940.326
3942.156
3942.745
3949.406
3967.044
3980.890
3982.897
3984.671
3989.440
3992.381
3993.818
3999.237
4012.387
4014.899
4015.877
4024.350
4024.487
4031.332
4040.751
4042.579
4046.337
4053.500
4062.219
4062.938
4068.835
4072.916
4073.476
4075.698
4075.844
4081.219
4083.219
4087.360
4088.849
4093.956
4110.376
4115.370
4117.288
4118.142
4119.007
4119.779
4119.881
4120.829
4123.873
4127.370
4130.709
4133.803
4135.424
4137.649
4138.101
4138.358
4142.396
4144.493
4144.997
4146.234
4148.899
4149.895
4149.972
4159.028
4165.600
4166.881
4181.078
4186.597
4187.321
4193.103
4193.280
4196.330
4201.235
4202.941
4214.038
4221.171
4222.599
4234.211
4253.367
4257.122
4270.714
4310.699
4330.438
4336.257
4337.774
4349.787
4361.662
4364.649
4382.164
4391.660
4399.199
4407.274
4410.758
4418.777
4429.266
4444.388
4444.696
4449.322
4450.300
4460.204
4479.358
4483.891
4486.904
4495.387
4497.848
4523.076
4539.744
4544.955
4560.283
4560.959
4562.358
4565.842
4572.282
4582.500
4593.923
4606.399
4624.895
4628.158
4773.943
4882.458
4943.441
5011.760
5075.354
5117.167
5187.460
5252.668
5274.229
5330.546
5393.393
5468.372
5472.290
5512.048
5518.491
5610.249
5668.917
5768.887
5975.823
6043.38 
6272.02 
7857.54 
8025.57 
8250.65 
8716.66 
8749.18 
8772.14 
8891.20 
        
  Pr II 
        
4038.466
4062.813
4118.477
4141.253
4143.133
4222.979
4408.845
4449.862
4477.254
4496.426
4510.155
4651.516
5259.742
5322.774
5352.404
5411.553
5509.141
5756.171
6165.94 
        
  Nd II 
        
3738.057
3752.496
3752.679
3754.830
3759.795
3769.644
3773.175
3780.391
3781.314
3784.250
3784.653
3784.851
3801.373
3804.103
3830.476
3838.981
3848.524
3851.748
3863.327
3887.867
3890.940
3891.512
3894.626
3900.226
3905.885
3906.096
3911.169
3915.131
3918.906
3927.105
3934.823
3951.154
3952.196
3967.069
3976.113
3990.104
4004.010
4007.435
4012.250
4012.704
4018.826
4019.810
4021.330
4023.001
4038.124
4040.796
4041.065
4051.144
4059.962
4061.085
4069.268
4075.116
4075.272
4085.816
4102.563
4109.456
4113.825
4133.362
4135.324
4156.083
4177.322
4219.567
4228.200
4232.377
4234.195
4247.367
4263.439
4270.564
4272.790
4282.443
4284.519
4303.573
4313.355
4314.511
4338.696
4351.294
4358.168
4361.405
4366.367
4368.632
4385.664
4400.828
4407.072
4411.052
4426.822
4438.999
4446.387
4462.985
4465.074
4465.601
4467.852
4471.411
4497.259
4497.915
4501.808
4513.333
4516.363
4530.328
4541.270
4556.735
4561.182
4563.220
4567.607
4578.883
4594.447
4597.014
4612.474
4629.903
4632.688
4638.713
4645.764
4664.447
4670.559
4680.734
4703.577
4706.542
4715.588
4717.082
4763.624
4777.712
4783.828
4786.112
4797.158
4811.343
4825.482
4832.276
4859.031
4882.884
4914.384
4920.693
4943.901
4947.023
4949.041
4959.131
4961.397
4970.922
4987.165
4989.938
4998.548
5063.726
5089.837
5092.796
5096.524
5102.392
5130.597
5132.331
5143.333
5179.781
5181.166
5191.997
5192.620
5200.118
5212.364
5234.195
5249.586
5255.509
5270.695
5276.880
5293.169
5306.472
5319.817
5356.976
5361.475
5371.936
5416.381
5421.560
5431.525
5442.272
5451.114
5474.735
5485.700
5494.006
5548.474
5581.602
5617.706
5688.526
5718.118
5740.860
5742.090
5744.766
5770.499
5804.021
5811.572
5823.369
5842.390
5843.233
5865.056
5882.786
5891.528
5900.430
5989.342
6201.74 
6428.64 
6514.96 
6539.94 
6549.54 
6580.94 
6650.55 
6740.11 
6790.40 
        
  Sm II 
        
3735.970
3760.695
3778.136
3793.970
3885.286
3896.977
3903.418
3922.398
3946.508
3976.269
3983.137
3993.302
4019.827
4023.231
4035.110
4042.896
4066.736
4068.320
4075.834
4106.596
4155.222
4169.474
4183.760
4188.124
4206.125
4220.654
4244.696
4256.393
4265.073
4318.937
4329.017
4334.153
4350.459
4362.032
4368.033
4390.853
4409.376
4420.526
4421.136
4424.339
4427.581
4433.884
4434.321
4452.728
4454.625
4467.341
4472.416
4473.012
4478.659
4499.476
4519.632
4523.911
4537.951
4566.205
4577.689
4591.826
4606.521
4615.446
4615.689
4642.234
4646.679
4655.125
4669.649
4676.911
4687.184
4704.398
4713.074
4719.838
4745.674
4777.847
4791.585
4815.807
4844.211
4847.765
4854.362
4913.247
6542.78 
        
  Eu I  
        
4627.220
        
  Eu II 
        
3741.310
3819.670
3907.100
3971.980
4129.730
4205.050
4435.528
5818.739
6049.51 
6173.05 
6437.64 
6645.11 
7077.09 
7217.55 
7301.17 
7370.26 
7426.55 
        
  Gd II 
        
3768.389
3770.699
3796.371
3813.970
3894.696
3916.495
4037.338
4037.897
4049.858
4085.563
4098.913
4130.372
4184.264
4251.733
4262.091
4280.501
4316.061
4419.035
4478.811
4481.067
4483.338
4498.293
4582.507
        
  Dy II 
        
3757.372
3788.437
3872.117
3931.536
3944.682
3983.653
4050.563
4073.115
4077.964
4103.304
4449.702
5169.699
5426.701
5600.651
5868.106
        
  Tm I  
        
4105.840
        
  Tm II 
        
3795.765
3848.021
5034.214
        
  Yb I  
        
3987.990
5556.467
        
  Yb II 
        
5588.473
        
  Hf II 
        
3918.090
4080.441
4093.159
        
  W I   
        
4008.754
4294.614
        
  Pb I  
        
4057.819
